1.116650 0.000000 18.322300 a b -60.950465 1 0;
0.941581 0.000000 18.419540 a b -58.826387 1 0;
0.787705 0.000000 18.512634 a b -56.382909 1 0;
0.653654 0.000000 18.601755 a b -53.560771 1 0;
0.538061 0.000000 18.687099 a b -50.312415 1 0;
0.439560 0.000000 18.768841 a b -46.583095 1 0;
0.356782 0.000000 18.847166 a b -42.338549 1 0;
0.288361 0.000000 18.922258 a b -37.575884 1 0;
0.232929 0.000000 18.994301 a b -32.348153 1 0;
0.189119 0.000000 19.063473 a b -26.777246 1 0;
0.155564 0.000000 19.129967 a b -21.082871 1 0;
0.130896 0.000000 19.193953 a b -15.538637 1 0;
0.113748 0.000000 19.255625 a b -10.463281 1 0;
0.102752 0.000000 19.315163 a b -6.155437 1 0;
0.096543 0.000000 19.372742 a b -2.863115 1 0;
0.093751 0.000000 19.428558 a b -0.782443 1 0;
0.093010 0.000000 19.482788 a b 0.007851 1 0;
0.093018 0.000000 19.536119 a b 0.136767 1 0;
0.093141 0.000000 19.587585 a b 0.530137 1 0;
0.093604 0.000000 19.637634 a b 1.215468 1 0;
0.094634 0.000000 19.686186 a b 2.222764 1 0;
0.096458 0.000000 19.733179 a b 3.589056 1 0;
0.099303 0.000000 19.778532 a b 5.356754 1 0;
0.103395 0.000000 19.822174 a b 7.574900 1 0;
0.108961 0.000000 19.864033 a b 10.296557 1 0;
0.116229 0.000000 19.904037 a b 13.576466 1 0;
0.125424 0.000000 19.942116 a b 17.464019 1 0;
0.136775 0.000000 19.978193 a b 21.989161 1 0;
0.150507 0.000000 20.012199 a b 27.153414 1 0;
0.166847 0.000000 20.044058 a b 32.897155 1 0;
0.186022 0.000000 20.073702 a b 39.114104 1 0;
0.208260 0.000000 20.101051 a b 45.606020 1 0;
0.233786 0.000000 20.126043 a b 52.164290 1 0;
0.262828 0.000000 20.148600 a b 58.240658 1 0;
0.295537 0.000000 20.168848 a b 62.476907 1 0;
0.331764 0.000000 20.187725 a b 64.752150 1 0;
0.371283 0.000000 20.206362 a b 65.356509 1 0;
0.413870 0.000000 20.225899 a b 64.597607 1 0;
0.459300 0.000000 20.247473 a b 62.759177 1 0;
0.507348 0.000000 20.272209 a b 60.067093 1 0;
0.557788 0.000000 20.301252 a b 56.758066 1 0;
0.610397 0.000000 20.335733 a b 53.036033 1 0;
0.664949 0.000000 20.376787 a b 49.086748 1 0;
0.721218 0.000000 20.425552 a b 45.076162 1 0;
0.778981 0.000000 20.483162 a b 41.135115 1 0;
0.838012 0.000000 20.550747 a b 37.354165 1 0;
0.898087 0.000000 20.629452 a b 33.802555 1 0;
0.958980 0.000000 20.720404 a b 30.511850 1 0;
1.020466 0.000000 20.824738 a b 27.492877 1 0;
1.082321 0.000000 20.943596 a b 24.746004 1 0;
1.144320 0.000000 21.078106 a b 24.746004 1 0;
