0.605480 0.000000 14.536700 a b 80.144714 1 0;
0.757262 0.000000 14.563068 a b 76.999541 1 0;
0.890670 0.000000 14.593869 a b 73.304869 1 0;
1.006890 0.000000 14.628726 a b 68.960666 1 0;
1.107106 0.000000 14.667274 a b 63.883358 1 0;
1.192505 0.000000 14.709142 a b 58.016547 1 0;
1.264272 0.000000 14.753958 a b 51.377337 1 0;
1.323592 0.000000 14.801351 a b 44.093762 1 0;
1.371650 0.000000 14.850954 a b 36.441854 1 0;
1.409633 0.000000 14.902393 a b 28.805262 1 0;
1.438725 0.000000 14.955300 a b 21.605660 1 0;
1.460111 0.000000 15.009301 a b 15.197466 1 0;
1.474979 0.000000 15.064031 a b 9.817910 1 0;
1.484511 0.000000 15.119118 a b 5.583605 1 0;
1.489895 0.000000 15.174184 a b 2.534255 1 0;
1.492315 0.000000 15.228870 a b 0.682107 1 0;
1.492957 0.000000 15.282800 a b 0.044790 1 0;
1.492999 0.000000 15.336019 a b -0.000134 1 0;
1.492999 0.000000 15.387607 a b 0.000000 1 0;
1.492999 0.000000 15.438119 a b 0.000000 1 0;
1.492999 0.000000 15.487702 a b 0.000000 1 0;
1.492999 0.000000 15.536518 a b 0.000140 1 0;
1.492999 0.000000 15.584716 a b 0.000000 1 0;
1.492999 0.000000 15.632449 a b -0.000290 1 0;
1.492999 0.000000 15.679873 a b 0.000143 1 0;
1.492999 0.000000 15.727148 a b 0.000143 1 0;
1.492999 0.000000 15.774422 a b -0.000146 1 0;
1.492999 0.000000 15.821849 a b 0.000000 1 0;
1.492999 0.000000 15.869586 a b 0.000140 1 0;
1.492999 0.000000 15.917788 a b 0.000000 1 0;
1.492999 0.000000 15.966604 a b -0.000139 1 0;
1.492999 0.000000 16.016193 a b 0.000134 1 0;
1.492999 0.000000 16.066711 a b 0.000000 1 0;
1.492999 0.000000 16.118309 a b -0.101253 1 0;
1.492905 0.000000 16.171196 a b -0.686022 1 0;
1.492252 0.000000 16.225803 a b -1.789732 1 0;
1.490476 0.000000 16.282614 a b -3.325040 1 0;
1.487020 0.000000 16.342112 a b -5.195148 1 0;
1.481321 0.000000 16.404787 a b -7.303387 1 0;
1.472820 0.000000 16.471119 a b -9.556250 1 0;
1.460955 0.000000 16.541594 a b -11.872529 1 0;
1.445167 0.000000 16.616693 a b -14.183450 1 0;
1.424894 0.000000 16.696907 a b -16.437760 1 0;
1.399577 0.000000 16.782719 a b -18.598892 1 0;
1.368655 0.000000 16.874609 a b -20.641574 1 0;
1.331566 0.000000 16.973064 a b -22.551234 1 0;
1.287752 0.000000 17.078575 a b -24.325682 1 0;
1.236650 0.000000 17.191618 a b -25.963118 1 0;
1.177701 0.000000 17.312679 a b -27.468350 1 0;
1.110344 0.000000 17.442245 a b -28.848879 1 0;
1.034018 0.000000 17.580801 a b -28.848879 1 0;
