-3.394453 0.000000 11.768729 a b 53.753632 1 0;
-3.316042 0.000000 11.826215 a b 50.757041 1 0;
-3.247259 0.000000 11.882399 a b 47.351066 1 0;
-3.187703 0.000000 11.937258 a b 43.467030 1 0;
-3.136971 0.000000 11.990779 a b 39.041848 1 0;
-3.094664 0.000000 12.042947 a b 34.014989 1 0;
-3.060379 0.000000 12.093747 a b 28.350121 1 0;
-3.033716 0.000000 12.143162 a b 22.044094 1 0;
-3.014274 0.000000 12.191177 a b 15.156548 1 0;
-3.001651 0.000000 12.237777 a b 7.820868 1 0;
-2.995447 0.000000 12.282946 a b 0.244613 1 0;
-2.995260 0.000000 12.326672 a b -7.319730 1 0;
-3.000688 0.000000 12.368929 a b -14.626711 1 0;
-3.011332 0.000000 12.409714 a b -21.475184 1 0;
-3.026790 0.000000 12.449005 a b -27.741834 1 0;
-3.046660 0.000000 12.486785 a b -33.371893 1 0;
-3.070541 0.000000 12.523042 a b -38.375670 1 0;
-3.098033 0.000000 12.557758 a b -42.792615 1 0;
-3.128735 0.000000 12.590921 a b -46.688744 1 0;
-3.162243 0.000000 12.622511 a b -50.125141 1 0;
-3.198159 0.000000 12.652514 a b -53.168856 1 0;
-3.236081 0.000000 12.680916 a b -55.875895 1 0;
-3.275608 0.000000 12.707702 a b -58.306649 1 0;
-3.316337 0.000000 12.732850 a b -60.495000 1 0;
-3.357869 0.000000 12.756352 a b -61.810837 1 0;
-3.400019 0.000000 12.778943 a b -64.312260 1 0;
-3.442040 0.000000 12.799155 a b -65.912411 1 0;
-3.484186 0.000000 12.817997 a b -67.243776 1 0;
-3.526581 0.000000 12.835780 a b -68.282899 1 0;
-3.569350 0.000000 12.852815 a b -69.015210 1 0;
-3.612618 0.000000 12.869411 a b -69.433044 1 0;
-3.656510 0.000000 12.885880 a b -69.543152 1 0;
-3.701150 0.000000 12.902532 a b -69.358322 1 0;
-3.746664 0.000000 12.919677 a b -68.899873 1 0;
-3.793175 0.000000 12.937624 a b -68.187024 1 0;
-3.840809 0.000000 12.956689 a b -67.260765 1 0;
-3.889690 0.000000 12.977176 a b -66.144641 1 0;
-3.939944 0.000000 12.999398 a b -64.876627 1 0;
-3.991694 0.000000 13.023665 a b -63.487496 1 0;
-4.045065 0.000000 13.050290 a b -62.012894 1 0;
-4.100184 0.000000 13.079581 a b -60.481764 1 0;
-4.157173 0.000000 13.111848 a b -58.918757 1 0;
-4.216158 0.000000 13.147404 a b -57.349914 1 0;
-4.277264 0.000000 13.186558 a b -55.794552 1 0;
-4.340615 0.000000 13.229620 a b -54.268418 1 0;
-4.406336 0.000000 13.276900 a b -52.783279 1 0;
-4.474551 0.000000 13.328710 a b -51.349508 1 0;
-4.545386 0.000000 13.385359 a b -49.972512 1 0;
-4.618966 0.000000 13.447160 a b -48.658316 1 0;
-4.695414 0.000000 13.514420 a b -47.407157 1 0;
-4.774856 0.000000 13.587452 a b -47.407157 1 0;
