1.652780 0.000000 27.466299 a b -101.056407 1 0;
1.462496 0.000000 27.429117 a b -96.429724 1 0;
1.302588 0.000000 27.411097 a b -90.315833 1 0;
1.170413 0.000000 27.410368 a b -82.174474 1 0;
1.063330 0.000000 27.425085 a b -71.514455 1 0;
0.978698 0.000000 27.453379 a b -58.316841 1 0;
0.913876 0.000000 27.493387 a b -43.699338 1 0;
0.866223 0.000000 27.543255 a b -29.792420 1 0;
0.833097 0.000000 27.601114 a b -18.361850 1 0;
0.811856 0.000000 27.665108 a b -9.966228 1 0;
0.799860 0.000000 27.733376 a b -4.362792 1 0;
0.794468 0.000000 27.804058 a b -1.150758 1 0;
0.793037 0.000000 27.875288 a b 0.046517 1 0;
0.793095 0.000000 27.947014 a b 0.163919 1 0;
0.793289 0.000000 28.014870 a b 0.636335 1 0;
0.794021 0.000000 28.080755 a b 1.454768 1 0;
0.795649 0.000000 28.144850 a b 2.641069 1 0;
0.798531 0.000000 28.207331 a b 4.211205 1 0;
0.803026 0.000000 28.268375 a b 6.172116 1 0;
0.809492 0.000000 28.328169 a b 8.519172 1 0;
0.818288 0.000000 28.386889 a b 11.233129 1 0;
0.829772 0.000000 28.444710 a b 14.275539 1 0;
0.844302 0.000000 28.501816 a b 17.591261 1 0;
0.862237 0.000000 28.558384 a b 21.108981 1 0;
0.883935 0.000000 28.614590 a b 23.533133 1 0;
0.909856 0.000000 28.674110 a b 28.260563 1 0;
0.939977 0.000000 28.730143 a b 31.082899 1 0;
0.973860 0.000000 28.786350 a b 33.138163 1 0;
1.010790 0.000000 28.842918 a b 34.508116 1 0;
1.050050 0.000000 28.900024 a b 35.255641 1 0;
1.090923 0.000000 28.957846 a b 35.425869 1 0;
1.132691 0.000000 29.016563 a b 35.052112 1 0;
1.174639 0.000000 29.076355 a b 34.148858 1 0;
1.216049 0.000000 29.137405 a b 32.728307 1 0;
1.256205 0.000000 29.199886 a b 30.786001 1 0;
1.294389 0.000000 29.263977 a b 28.313383 1 0;
1.329886 0.000000 29.329865 a b 25.311255 1 0;
1.361977 0.000000 29.397720 a b 21.733232 1 0;
1.390008 0.000000 29.468039 a b 18.624138 1 0;
1.414483 0.000000 29.540665 a b 16.605189 1 0;
1.437124 0.000000 29.616587 a b 15.766818 1 0;
1.459694 0.000000 29.696524 a b 15.993338 1 0;
1.483957 0.000000 29.781176 a b 17.103767 1 0;
1.511676 0.000000 29.871258 a b 18.898668 1 0;
1.544616 0.000000 29.967474 a b 21.176150 1 0;
1.584539 0.000000 30.070530 a b 23.750857 1 0;
1.633210 0.000000 30.181139 a b 26.467929 1 0;
1.692393 0.000000 30.300007 a b 29.204102 1 0;
1.763850 0.000000 30.427843 a b 31.871278 1 0;
1.849346 0.000000 30.565351 a b 34.409053 1 0;
1.950644 0.000000 30.713243 a b 34.409053 1 0;
