-0.441466 0.000000 4.253600 a b -8.747616 1 0;
-0.476508 0.000000 4.481332 a b -8.190149 1 0;
-0.505956 0.000000 4.685937 a b -7.564436 1 0;
-0.530296 0.000000 4.869229 a b -6.864876 1 0;
-0.550016 0.000000 5.033027 a b -6.088287 1 0;
-0.565601 0.000000 5.179145 a b -5.236211 1 0;
-0.577539 0.000000 5.309401 a b -4.318534 1 0;
-0.586314 0.000000 5.425611 a b -3.357594 1 0;
-0.592415 0.000000 5.529591 a b -2.393864 1 0;
-0.596326 0.000000 5.623158 a b -1.489270 1 0;
-0.598535 0.000000 5.708127 a b -0.727717 1 0;
-0.599528 0.000000 5.786315 a b -0.206101 1 0;
-0.599792 0.000000 5.859539 a b -0.031329 1 0;
-0.599830 0.000000 5.929852 a b 0.000049 1 0;
-0.599830 0.000000 5.997709 a b -0.000053 1 0;
-0.599830 0.000000 6.063596 a b 0.000000 1 0;
-0.599830 0.000000 6.127689 a b 0.000000 1 0;
-0.599830 0.000000 6.190171 a b 0.000054 1 0;
-0.599830 0.000000 6.251218 a b -0.000059 1 0;
-0.599830 0.000000 6.311011 a b 0.000000 1 0;
-0.599830 0.000000 6.369730 a b 0.000058 1 0;
-0.599830 0.000000 6.427551 a b -0.000061 1 0;
-0.599830 0.000000 6.484656 a b 0.000000 1 0;
-0.599830 0.000000 6.541224 a b 0.000059 1 0;
-0.599830 0.000000 6.597433 a b -0.077576 1 0;
-0.599907 0.000000 6.654135 a b 0.000000 1 0;
-0.599907 0.000000 6.710165 a b -0.000062 1 0;
-0.599907 0.000000 6.766374 a b 0.000059 1 0;
-0.599907 0.000000 6.822941 a b 0.000000 1 0;
-0.599907 0.000000 6.880046 a b -0.000061 1 0;
-0.599907 0.000000 6.937868 a b 0.000000 1 0;
-0.599907 0.000000 6.996586 a b 0.000056 1 0;
-0.599907 0.000000 7.056379 a b -0.000057 1 0;
-0.599907 0.000000 7.117426 a b 0.000000 1 0;
-0.599907 0.000000 7.179907 a b 0.000000 1 0;
-0.599907 0.000000 7.244001 a b 0.000000 1 0;
-0.599907 0.000000 7.309887 a b 0.000049 1 0;
-0.599907 0.000000 7.377743 a b -0.053489 1 0;
-0.599972 0.000000 7.447849 a b -1.200507 1 0;
-0.601507 0.000000 7.521070 a b -4.230950 1 0;
-0.607290 0.000000 7.599246 a b -8.612441 1 0;
-0.620155 0.000000 7.684188 a b -13.689727 1 0;
-0.642935 0.000000 7.777707 a b -18.876171 1 0;
-0.678462 0.000000 7.881613 a b -23.758300 1 0;
-0.729568 0.000000 7.997716 a b -28.115691 1 0;
-0.799088 0.000000 8.127829 a b -31.880448 1 0;
-0.889852 0.000000 8.273759 a b -35.074509 1 0;
-1.004695 0.000000 8.437318 a b -37.761866 1 0;
-1.146448 0.000000 8.620317 a b -40.018409 1 0;
-1.317945 0.000000 8.824565 a b -41.916745 1 0;
-1.522017 0.000000 9.051874 a b -41.916745 1 0;
