0.624195 0.000000 9.820500 a b 14.132054 1 0;
0.653061 0.000000 9.935150 a b 13.173951 1 0;
0.678433 0.000000 10.043546 a b 12.174138 1 0;
0.700536 0.000000 10.145999 a b 11.134498 1 0;
0.719595 0.000000 10.242837 a b 10.061169 1 0;
0.735837 0.000000 10.334374 a b 8.960807 1 0;
0.749485 0.000000 10.420933 a b 7.843366 1 0;
0.760767 0.000000 10.502829 a b 6.721401 1 0;
0.769907 0.000000 10.580383 a b 5.610568 1 0;
0.777130 0.000000 10.653914 a b 4.530456 1 0;
0.782663 0.000000 10.723742 a b 3.503060 1 0;
0.786731 0.000000 10.790183 a b 2.554489 1 0;
0.789558 0.000000 10.853559 a b 1.712814 1 0;
0.791371 0.000000 10.914190 a b 1.007718 1 0;
0.792395 0.000000 10.972389 a b 0.470244 1 0;
0.792855 0.000000 11.028482 a b 0.128861 1 0;
0.792977 0.000000 11.082785 a b 0.023794 1 0;
0.792999 0.000000 11.135886 a b 0.000000 1 0;
0.792999 0.000000 11.187476 a b 0.000000 1 0;
0.792999 0.000000 11.237988 a b -0.000070 1 0;
0.792999 0.000000 11.287572 a b 0.000138 1 0;
0.792999 0.000000 11.336387 a b 0.000000 1 0;
0.792999 0.000000 11.384583 a b 0.000000 1 0;
0.792999 0.000000 11.432318 a b -0.000146 1 0;
0.792999 0.000000 11.479744 a b 0.000000 1 0;
0.792999 0.000000 11.527017 a b 0.000143 1 0;
0.792999 0.000000 11.574290 a b -0.000074 1 0;
0.792999 0.000000 11.621717 a b -0.000073 1 0;
0.792999 0.000000 11.669455 a b 0.000140 1 0;
0.792999 0.000000 11.717655 a b -0.000071 1 0;
0.792999 0.000000 11.766474 a b -0.000070 1 0;
0.792999 0.000000 11.816062 a b 0.000066 1 0;
0.792999 0.000000 11.866580 a b 0.000065 1 0;
0.792999 0.000000 11.918177 a b -0.067650 1 0;
0.792937 0.000000 11.970982 a b -0.462066 1 0;
0.792501 0.000000 12.025008 a b -1.226883 1 0;
0.791318 0.000000 12.080245 a b -2.337395 1 0;
0.789015 0.000000 12.136680 a b -3.770705 1 0;
0.785217 0.000000 12.194301 a b -5.504236 1 0;
0.779552 0.000000 12.253093 a b -7.512798 1 0;
0.771645 0.000000 12.313046 a b -9.770776 1 0;
0.761123 0.000000 12.374146 a b -12.247258 1 0;
0.747614 0.000000 12.436383 a b -14.910467 1 0;
0.730742 0.000000 12.499745 a b -17.725920 1 0;
0.710135 0.000000 12.564216 a b -20.654297 1 0;
0.685418 0.000000 12.629784 a b -23.655176 1 0;
0.656220 0.000000 12.696442 a b -26.694073 1 0;
0.622165 0.000000 12.764170 a b -29.730312 1 0;
0.582880 0.000000 12.832958 a b -32.730241 1 0;
0.537993 0.000000 12.902797 a b -35.665925 1 0;
0.487128 0.000000 12.973671 a b -35.665925 1 0;
