0.186510 0.000000 9.083890 a b -89.495114 1 0;
0.050800 0.000000 9.085086 a b -85.840112 1 0;
-0.068482 0.000000 9.093761 a b -81.471910 1 0;
-0.172396 0.000000 9.109344 a b -76.249029 1 0;
-0.262001 0.000000 9.131271 a b -70.057802 1 0;
-0.338357 0.000000 9.158976 a b -62.845602 1 0;
-0.402525 0.000000 9.191889 a b -54.698396 1 0;
-0.455564 0.000000 9.229445 a b -45.905526 1 0;
-0.498534 0.000000 9.271077 a b -36.956015 1 0;
-0.532494 0.000000 9.316216 a b -28.413030 1 0;
-0.558506 0.000000 9.364298 a b -20.755997 1 0;
-0.577628 0.000000 9.414754 a b -14.270259 1 0;
-0.590921 0.000000 9.467017 a b -9.051176 1 0;
-0.599444 0.000000 9.520522 a b -5.077623 1 0;
-0.604258 0.000000 9.574697 a b -2.282818 1 0;
-0.606422 0.000000 9.628982 a b -0.611086 1 0;
-0.606996 0.000000 9.682803 a b -0.013195 1 0;
-0.607008 0.000000 9.735866 a b 0.136496 1 0;
-0.606885 0.000000 9.787456 a b 0.525182 1 0;
-0.606422 0.000000 9.837967 a b 1.190252 1 0;
-0.605392 0.000000 9.887551 a b 2.139857 1 0;
-0.603568 0.000000 9.936366 a b 3.377745 1 0;
-0.600723 0.000000 9.984563 a b 4.899767 1 0;
-0.596631 0.000000 10.032298 a b 6.694455 1 0;
-0.591065 0.000000 10.079723 a b 8.740092 1 0;
-0.583797 0.000000 10.126996 a b 11.007523 1 0;
-0.574602 0.000000 10.174270 a b 13.458957 1 0;
-0.563251 0.000000 10.221697 a b 16.048228 1 0;
-0.549519 0.000000 10.269434 a b 18.726579 1 0;
-0.533179 0.000000 10.317636 a b 21.445181 1 0;
-0.514004 0.000000 10.366452 a b 24.152746 1 0;
-0.491766 0.000000 10.416042 a b 26.807472 1 0;
-0.466240 0.000000 10.466559 a b 29.373714 1 0;
-0.437198 0.000000 10.518156 a b 31.759250 1 0;
-0.404505 0.000000 10.570969 a b 33.732484 1 0;
-0.368390 0.000000 10.625054 a b 35.297012 1 0;
-0.329173 0.000000 10.680448 a b 36.506983 1 0;
-0.287177 0.000000 10.737188 a b 37.409177 1 0;
-0.242720 0.000000 10.795316 a b 38.043543 1 0;
-0.196124 0.000000 10.854862 a b 38.435600 1 0;
-0.147710 0.000000 10.915868 a b 38.610620 1 0;
-0.097798 0.000000 10.978368 a b 38.584244 1 0;
-0.046709 0.000000 11.042402 a b 38.371559 1 0;
0.005237 0.000000 11.108008 a b 37.983602 1 0;
0.057718 0.000000 11.175221 a b 37.427043 1 0;
0.110415 0.000000 11.244079 a b 36.705622 1 0;
0.163007 0.000000 11.314621 a b 35.825942 1 0;
0.215172 0.000000 11.386881 a b 34.787598 1 0;
0.266590 0.000000 11.460896 a b 33.590259 1 0;
0.316941 0.000000 11.536709 a b 32.236691 1 0;
0.365904 0.000000 11.614350 a b 32.236691 1 0;
