-2.841070 0.000000 10.752000 a b -33.730526 1 0;
-2.903836 0.000000 10.846005 a b -31.252290 1 0;
-2.958363 0.000000 10.935854 a b -28.576631 1 0;
-3.005131 0.000000 11.021717 a b -25.703628 1 0;
-3.044627 0.000000 11.103769 a b -22.640349 1 0;
-3.077331 0.000000 11.182181 a b -19.403113 1 0;
-3.103729 0.000000 11.257129 a b -16.019949 1 0;
-3.124303 0.000000 11.328785 a b -12.531110 1 0;
-3.139536 0.000000 11.397322 a b -8.989472 1 0;
-3.149913 0.000000 11.462913 a b -5.458845 1 0;
-3.155916 0.000000 11.525733 a b -2.009615 1 0;
-3.158029 0.000000 11.585955 a b 1.283717 1 0;
-3.156734 0.000000 11.643748 a b 4.342072 1 0;
-3.152517 0.000000 11.699292 a b 7.098850 1 0;
-3.145858 0.000000 11.752757 a b 9.486638 1 0;
-3.137243 0.000000 11.804314 a b 11.446210 1 0;
-3.127155 0.000000 11.854139 a b 12.927192 1 0;
-3.116076 0.000000 11.902406 a b 13.881189 1 0;
-3.104491 0.000000 11.949286 a b 14.263216 1 0;
-3.092881 0.000000 11.994953 a b 14.027311 1 0;
-3.081732 0.000000 12.039580 a b 13.127843 1 0;
-3.071526 0.000000 12.083342 a b 11.520326 1 0;
-3.062747 0.000000 12.126411 a b 9.172288 1 0;
-3.055877 0.000000 12.168959 a b 6.054511 1 0;
-3.051401 0.000000 12.211162 a b 1.900483 1 0;
-3.049984 0.000000 12.253878 a b -2.303194 1 0;
-3.051672 0.000000 12.295847 a b -6.951113 1 0;
-3.056766 0.000000 12.337627 a b -11.663011 1 0;
-3.065312 0.000000 12.379033 a b -16.433193 1 0;
-3.077358 0.000000 12.419873 a b -21.251757 1 0;
-3.092949 0.000000 12.459961 a b -26.103753 1 0;
-3.112131 0.000000 12.499111 a b -30.971789 1 0;
-3.134952 0.000000 12.537133 a b -35.832410 1 0;
-3.161457 0.000000 12.573839 a b -40.660848 1 0;
-3.191692 0.000000 12.609039 a b -45.424627 1 0;
-3.225704 0.000000 12.642551 a b -50.104063 1 0;
-3.263539 0.000000 12.674182 a b -54.669554 1 0;
-3.305244 0.000000 12.703744 a b -59.096082 1 0;
-3.350865 0.000000 12.731051 a b -63.367878 1 0;
-3.400448 0.000000 12.755916 a b -67.468266 1 0;
-3.454039 0.000000 12.778149 a b -71.389213 1 0;
-3.511685 0.000000 12.797561 a b -75.121363 1 0;
-3.573432 0.000000 12.813966 a b -78.663841 1 0;
-3.639327 0.000000 12.827176 a b -82.018228 1 0;
-3.709416 0.000000 12.837004 a b -85.188865 1 0;
-3.783745 0.000000 12.843260 a b -88.182350 1 0;
-3.862359 0.000000 12.845755 a b -91.001848 1 0;
-3.945307 0.000000 12.844304 a b -93.659794 1 0;
-4.032634 0.000000 12.838718 a b -96.164333 1 0;
-4.124386 0.000000 12.828809 a b -98.523112 1 0;
-4.220610 0.000000 12.814388 a b -98.523112 1 0;
