0.347300 0.000000 11.495200 a b -34.239444 1 0;
0.321868 0.000000 11.532566 a b -34.239444 1 0;
0.296436 0.000000 11.569933 a b -34.239444 1 0;
0.271005 0.000000 11.607299 a b -34.239444 1 0;
0.245573 0.000000 11.644666 a b -34.239444 1 0;
0.220141 0.000000 11.682032 a b -34.239444 1 0;
0.194709 0.000000 11.719398 a b -34.239444 1 0;
0.169277 0.000000 11.756765 a b -34.239444 1 0;
0.143846 0.000000 11.794131 a b -34.239444 1 0;
0.118414 0.000000 11.831498 a b -34.239444 1 0;
0.092982 0.000000 11.868864 a b 0.668666 1 0;
0.093838 0.000000 11.942226 a b 0.668666 1 0;
0.094694 0.000000 12.015587 a b 0.668666 1 0;
0.095551 0.000000 12.088949 a b 0.668666 1 0;
0.096407 0.000000 12.162310 a b 0.668666 1 0;
0.097263 0.000000 12.235672 a b 0.668666 1 0;
0.098119 0.000000 12.309033 a b 0.668666 1 0;
0.098975 0.000000 12.382395 a b 0.668666 1 0;
0.099832 0.000000 12.455756 a b 0.668666 1 0;
0.100688 0.000000 12.529117 a b 0.668666 1 0;
0.101544 0.000000 12.602479 a b 0.668666 1 0;
