-0.011240 0.000000 4.910470 a b 50.085928 1 0;
0.081458 0.000000 4.988016 a b 48.783565 1 0;
0.166744 0.000000 5.062722 a b 47.365350 1 0;
0.244927 0.000000 5.134702 a b 45.819381 1 0;
0.316316 0.000000 5.204078 a b 44.137148 1 0;
0.381220 0.000000 5.270967 a b 42.309418 1 0;
0.439948 0.000000 5.335486 a b 40.327279 1 0;
0.492808 0.000000 5.397757 a b 38.186462 1 0;
0.540109 0.000000 5.457895 a b 35.883939 1 0;
0.582160 0.000000 5.516020 a b 33.423341 1 0;
0.619270 0.000000 5.572251 a b 30.812367 1 0;
0.651748 0.000000 5.626706 a b 28.069763 1 0;
0.679902 0.000000 5.679501 a b 25.218123 1 0;
0.704041 0.000000 5.730758 a b 22.294513 1 0;
0.724475 0.000000 5.780594 a b 19.343050 1 0;
0.741512 0.000000 5.829126 a b 16.414274 1 0;
0.755460 0.000000 5.876475 a b 13.567226 1 0;
0.766629 0.000000 5.922759 a b 10.861166 1 0;
0.775328 0.000000 5.968095 a b 8.355365 1 0;
0.781864 0.000000 6.012601 a b 6.104312 1 0;
0.786548 0.000000 6.056396 a b 4.156400 1 0;
0.789688 0.000000 6.099601 a b 2.551921 1 0;
0.791592 0.000000 6.142332 a b 1.321987 1 0;
0.792570 0.000000 6.184706 a b 0.489905 1 0;
0.792931 0.000000 6.226844 a b 0.068649 1 0;
0.792981 0.000000 6.269178 a b -0.078354 1 0;
0.792924 0.000000 6.311152 a b -0.550302 1 0;
0.792522 0.000000 6.352966 a b -1.504836 1 0;
0.791432 0.000000 6.394462 a b -2.962842 1 0;
0.789309 0.000000 6.435479 a b -4.953801 1 0;
0.785809 0.000000 6.475859 a b -7.514083 1 0;
0.780588 0.000000 6.515442 a b -10.682975 1 0;
0.773301 0.000000 6.554070 a b -14.493309 1 0;
0.763605 0.000000 6.591581 a b -18.961812 1 0;
0.751154 0.000000 6.627819 a b -24.072977 1 0;
0.735605 0.000000 6.662623 a b -29.763585 1 0;
0.716614 0.000000 6.695833 a b -35.908242 1 0;
0.693836 0.000000 6.727290 a b -42.327301 1 0;
0.666926 0.000000 6.756835 a b -48.801299 1 0;
0.635541 0.000000 6.784309 a b -55.113983 1 0;
0.599337 0.000000 6.809552 a b -61.082563 1 0;
0.557969 0.000000 6.832405 a b -66.580353 1 0;
0.511093 0.000000 6.852709 a b -71.545908 1 0;
0.458364 0.000000 6.870305 a b -75.967578 1 0;
0.399439 0.000000 6.885032 a b -79.867025 1 0;
0.333973 0.000000 6.896732 a b -83.289703 1 0;
0.261622 0.000000 6.905245 a b -86.285112 1 0;
0.182042 0.000000 6.910412 a b -88.907357 1 0;
0.094887 0.000000 6.912074 a b -91.207056 1 0;
-0.000185 0.000000 6.910071 a b -93.227189 1 0;
-0.103519 0.000000 6.904244 a b -93.227189 1 0;
