-0.002650 0.000000 4.644280 a b 72.779413 1 0;
0.133420 0.000000 4.686454 a b 69.510062 1 0;
0.253018 0.000000 4.731146 a b 65.737846 1 0;
0.357208 0.000000 4.778107 a b 61.399651 1 0;
0.447050 0.000000 4.827091 a b 56.454683 1 0;
0.523609 0.000000 4.877851 a b 50.898104 1 0;
0.587947 0.000000 4.930141 a b 44.789657 1 0;
0.641126 0.000000 4.983712 a b 38.272748 1 0;
0.684210 0.000000 5.038319 a b 31.578750 1 0;
0.718261 0.000000 5.093714 a b 24.997667 1 0;
0.744341 0.000000 5.149650 a b 18.828058 1 0;
0.763514 0.000000 5.205879 a b 13.323804 1 0;
0.776842 0.000000 5.262156 a b 8.664915 1 0;
0.785388 0.000000 5.318234 a b 4.958517 1 0;
0.790214 0.000000 5.373863 a b 2.261738 1 0;
0.792384 0.000000 5.428801 a b 0.610763 1 0;
0.792960 0.000000 5.482796 a b 0.023928 1 0;
0.792982 0.000000 5.535742 a b -0.000068 1 0;
0.792982 0.000000 5.587332 a b 0.000066 1 0;
0.792982 0.000000 5.637843 a b -0.000139 1 0;
0.792982 0.000000 5.687428 a b 0.000138 1 0;
0.792982 0.000000 5.736242 a b 0.000000 1 0;
0.792982 0.000000 5.784440 a b 0.000000 1 0;
0.792982 0.000000 5.832174 a b -0.000146 1 0;
0.792982 0.000000 5.879600 a b 0.000000 1 0;
0.792982 0.000000 5.926873 a b 0.000143 1 0;
0.792982 0.000000 5.974146 a b -0.000074 1 0;
0.792982 0.000000 6.021574 a b 0.000000 1 0;
0.792982 0.000000 6.069311 a b 0.000069 1 0;
0.792982 0.000000 6.117511 a b -0.000071 1 0;
0.792982 0.000000 6.166329 a b 0.000000 1 0;
0.792982 0.000000 6.215919 a b 0.000000 1 0;
0.792982 0.000000 6.266435 a b 0.000065 1 0;
0.792982 0.000000 6.318032 a b -0.200541 1 0;
0.792797 0.000000 6.370790 a b -1.378894 1 0;
0.791505 0.000000 6.424484 a b -3.694307 1 0;
0.787997 0.000000 6.478818 a b -7.122066 1 0;
0.781165 0.000000 6.533495 a b -11.630019 1 0;
0.769902 0.000000 6.588218 a b -17.143162 1 0;
0.753100 0.000000 6.642689 a b -23.503535 1 0;
0.729650 0.000000 6.696609 a b -30.453268 1 0;
0.698446 0.000000 6.749683 a b -37.652814 1 0;
0.658379 0.000000 6.801612 a b -44.742970 1 0;
0.608341 0.000000 6.852100 a b -51.423072 1 0;
0.547225 0.000000 6.900848 a b -57.492946 1 0;
0.473923 0.000000 6.947560 a b -62.865849 1 0;
0.387327 0.000000 6.991939 a b -67.543242 1 0;
0.286328 0.000000 7.033684 a b -71.573736 1 0;
0.169820 0.000000 7.072501 a b -75.032068 1 0;
0.036694 0.000000 7.108092 a b -77.999314 1 0;
-0.114157 0.000000 7.140158 a b -77.999314 1 0;
