-0.114768 0.000000 2.477340 a b 49.913463 1 0;
0.027541 0.000000 2.597118 a b 46.400789 1 0;
0.147133 0.000000 2.711001 a b 42.386954 1 0;
0.245983 0.000000 2.819305 a b 37.853382 1 0;
0.326068 0.000000 2.922352 a b 32.828888 1 0;
0.389362 0.000000 3.020456 a b 27.411252 1 0;
0.437841 0.000000 3.113936 a b 21.784358 1 0;
0.473480 0.000000 3.203110 a b 16.215826 1 0;
0.498254 0.000000 3.288296 a b 11.027171 1 0;
0.514139 0.000000 3.369812 a b 6.547672 1 0;
0.523111 0.000000 3.447976 a b 3.072791 1 0;
0.527144 0.000000 3.523105 a b 0.846500 1 0;
0.528214 0.000000 3.595517 a b 0.027691 1 0;
0.528248 0.000000 3.665686 a b -0.000102 1 0;
0.528248 0.000000 3.733543 a b 0.000050 1 0;
0.528248 0.000000 3.799429 a b 0.000052 1 0;
0.528248 0.000000 3.863523 a b -0.000056 1 0;
0.528248 0.000000 3.926004 a b -0.000057 1 0;
0.528248 0.000000 3.987051 a b 0.000000 1 0;
0.528248 0.000000 4.046844 a b 0.000115 1 0;
0.528248 0.000000 4.105562 a b -0.000061 1 0;
0.528248 0.000000 4.163384 a b -0.000061 1 0;
0.528248 0.000000 4.220489 a b 0.000119 1 0;
0.528248 0.000000 4.277057 a b -0.000062 1 0;
0.528248 0.000000 4.333266 a b 0.068649 1 0;
0.528315 0.000000 4.389678 a b 0.000000 1 0;
0.528315 0.000000 4.445708 a b 0.000000 1 0;
0.528315 0.000000 4.501917 a b 0.000000 1 0;
0.528315 0.000000 4.558485 a b 0.000000 1 0;
0.528315 0.000000 4.615590 a b 0.000000 1 0;
0.528315 0.000000 4.673411 a b 0.000057 1 0;
0.528315 0.000000 4.732129 a b 0.000000 1 0;
0.528315 0.000000 4.791922 a b 0.000000 1 0;
0.528315 0.000000 4.852970 a b 0.000000 1 0;
0.528315 0.000000 4.915451 a b -0.000055 1 0;
0.528315 0.000000 4.979545 a b 0.000050 1 0;
0.528315 0.000000 5.045431 a b -0.000052 1 0;
0.528315 0.000000 5.113287 a b -0.024624 1 0;
0.528285 0.000000 5.183331 a b -0.737139 1 0;
0.527355 0.000000 5.255587 a b -2.691691 1 0;
0.523851 0.000000 5.330124 a b -5.792017 1 0;
0.516056 0.000000 5.406973 a b -9.887486 1 0;
0.502253 0.000000 5.486161 a b -14.785810 1 0;
0.480727 0.000000 5.567716 a b -20.246985 1 0;
0.449761 0.000000 5.651668 a b -25.997103 1 0;
0.407638 0.000000 5.738043 a b -31.762686 1 0;
0.352642 0.000000 5.826871 a b -37.310206 1 0;
0.283057 0.000000 5.918181 a b -42.473813 1 0;
0.197167 0.000000 6.012000 a b -47.160899 1 0;
0.093254 0.000000 6.108356 a b -51.339641 1 0;
-0.030397 0.000000 6.207279 a b -51.339641 1 0;
