0.318730 0.000000 11.156400 a b -51.429389 1 0;
0.213671 0.000000 11.240179 a b -49.254644 1 0;
0.120302 0.000000 11.320618 a b -46.795392 1 0;
0.038066 0.000000 11.397855 a b -44.011305 1 0;
-0.033594 0.000000 11.472032 a b -40.864015 1 0;
-0.095235 0.000000 11.543283 a b -37.310597 1 0;
-0.147414 0.000000 11.611752 a b -33.321963 1 0;
-0.190689 0.000000 11.677576 a b -28.881704 1 0;
-0.225616 0.000000 11.740894 a b -23.999901 1 0;
-0.252753 0.000000 11.801845 a b -18.721844 1 0;
-0.272656 0.000000 11.860573 a b -13.144879 1 0;
-0.285883 0.000000 11.917212 a b -7.405321 1 0;
-0.292991 0.000000 11.971898 a b -1.674320 1 0;
-0.294537 0.000000 12.024778 a b 3.864604 1 0;
-0.291077 0.000000 12.075989 a b 9.044022 1 0;
-0.283170 0.000000 12.125667 a b 13.730602 1 0;
-0.271372 0.000000 12.173953 a b 17.834149 1 0;
-0.256240 0.000000 12.220987 a b 21.305138 1 0;
-0.238331 0.000000 12.266909 a b 24.125069 1 0;
-0.218203 0.000000 12.311853 a b 26.289778 1 0;
-0.196412 0.000000 12.355964 a b 27.805784 1 0;
-0.173516 0.000000 12.399380 a b 28.678834 1 0;
-0.150071 0.000000 12.442240 a b 28.908374 1 0;
-0.126635 0.000000 12.484679 a b 28.477468 1 0;
-0.103765 0.000000 12.526840 a b 26.990387 1 0;
-0.081997 0.000000 12.569579 a b 25.672177 1 0;
-0.061795 0.000000 12.611609 a b 23.979536 1 0;
-0.043016 0.000000 12.653829 a b 22.463857 1 0;
-0.025404 0.000000 12.696424 a b 21.155850 1 0;
-0.008703 0.000000 12.739580 a b 20.075797 1 0;
0.007344 0.000000 12.783487 a b 19.235891 1 0;
0.022993 0.000000 12.828334 a b 18.639797 1 0;
0.038500 0.000000 12.874307 a b 18.282031 1 0;
0.054122 0.000000 12.921593 a b 18.149874 1 0;
0.070115 0.000000 12.970380 a b 18.224991 1 0;
0.086736 0.000000 13.020858 a b 18.487848 1 0;
0.104240 0.000000 13.073211 a b 18.912999 1 0;
0.122885 0.000000 13.127628 a b 19.476872 1 0;
0.142927 0.000000 13.184298 a b 20.154705 1 0;
0.164622 0.000000 13.243407 a b 20.923662 1 0;
0.188227 0.000000 13.305145 a b 21.763525 1 0;
0.213998 0.000000 13.369696 a b 22.652359 1 0;
0.242191 0.000000 13.437251 a b 23.575456 1 0;
0.273063 0.000000 13.507997 a b 24.517062 1 0;
0.306870 0.000000 13.582121 a b 25.465620 1 0;
0.343868 0.000000 13.659810 a b 26.410445 1 0;
0.384315 0.000000 13.741252 a b 27.342807 1 0;
0.428466 0.000000 13.826636 a b 28.257374 1 0;
0.476578 0.000000 13.916149 a b 29.148605 1 0;
0.528907 0.000000 14.009978 a b 30.012770 1 0;
0.585709 0.000000 14.108313 a b 30.012770 1 0;
