-0.063832 0.000000 4.445160 a b -51.442107 1 0;
-0.144623 0.000000 4.509558 a b -51.442107 1 0;
-0.225415 0.000000 4.573955 a b -51.442107 1 0;
-0.306206 0.000000 4.638353 a b -51.442107 1 0;
-0.386997 0.000000 4.702751 a b -51.442107 1 0;
-0.467788 0.000000 4.767148 a b -51.442107 1 0;
-0.548580 0.000000 4.831546 a b -51.442107 1 0;
-0.629371 0.000000 4.895944 a b -51.442107 1 0;
-0.710162 0.000000 4.960342 a b -51.442107 1 0;
-0.790954 0.000000 5.024739 a b -51.442107 1 0;
-0.871745 0.000000 5.089137 a b 42.258102 1 0;
-0.787735 0.000000 5.181598 a b 42.258102 1 0;
-0.703725 0.000000 5.274060 a b 42.258102 1 0;
-0.619716 0.000000 5.366521 a b 42.258102 1 0;
-0.535706 0.000000 5.458982 a b 42.258102 1 0;
-0.451696 0.000000 5.551443 a b 42.258102 1 0;
-0.367686 0.000000 5.643905 a b 42.258102 1 0;
-0.283676 0.000000 5.736366 a b 42.258102 1 0;
-0.199667 0.000000 5.828827 a b 42.258102 1 0;
-0.115657 0.000000 5.921289 a b 42.258102 1 0;
-0.031647 0.000000 6.013750 a b 42.258102 1 0;
