-0.441466 0.000000 4.253600 a b -39.309871 1 0;
-0.584520 0.000000 4.428317 a b -36.268966 1 0;
-0.702792 0.000000 4.589507 a b -32.709499 1 0;
-0.798129 0.000000 4.737956 a b -28.544594 1 0;
-0.872379 0.000000 4.874454 a b -23.697384 1 0;
-0.927390 0.000000 4.999788 a b -18.120139 1 0;
-0.965009 0.000000 5.114748 a b -11.832273 1 0;
-0.987085 0.000000 5.220119 a b -4.958812 1 0;
-0.995464 0.000000 5.316693 a b 2.243408 1 0;
-0.991994 0.000000 5.405255 a b 9.402901 1 0;
-0.978524 0.000000 5.486596 a b 16.102328 1 0;
-0.956901 0.000000 5.561501 a b 21.961753 1 0;
-0.928972 0.000000 5.630761 a b 26.697000 1 0;
-0.896585 0.000000 5.695163 a b 30.117190 1 0;
-0.861588 0.000000 5.755494 a b 32.079620 1 0;
-0.825829 0.000000 5.812544 a b 32.438602 1 0;
-0.791155 0.000000 5.867101 a b 30.962409 1 0;
-0.759382 0.000000 5.920057 a b 28.566077 1 0;
-0.731294 0.000000 5.971647 a b 25.950537 1 0;
-0.706712 0.000000 6.022158 a b 23.256061 1 0;
-0.685403 0.000000 6.071743 a b 20.520277 1 0;
-0.667132 0.000000 6.120558 a b 17.790800 1 0;
-0.651666 0.000000 6.168755 a b 15.116978 1 0;
-0.638771 0.000000 6.216489 a b 12.549940 1 0;
-0.628214 0.000000 6.263915 a b 10.138832 1 0;
-0.619760 0.000000 6.311188 a b 7.928525 1 0;
-0.613177 0.000000 6.358461 a b 5.955481 1 0;
-0.608229 0.000000 6.405889 a b 4.247050 1 0;
-0.604684 0.000000 6.453626 a b 2.822527 1 0;
-0.602308 0.000000 6.501826 a b 1.691187 1 0;
-0.600866 0.000000 6.550644 a b 0.855264 1 0;
-0.600126 0.000000 6.600234 a b 0.309213 1 0;
-0.599853 0.000000 6.650750 a b 0.043285 1 0;
-0.599814 0.000000 6.702348 a b -0.078211 1 0;
-0.599887 0.000000 6.755271 a b -0.527674 1 0;
-0.600392 0.000000 6.810133 a b -1.366213 1 0;
-0.601763 0.000000 6.867634 a b -2.513310 1 0;
-0.604434 0.000000 6.928479 a b -3.881694 1 0;
-0.608837 0.000000 6.993372 a b -5.388139 1 0;
-0.615405 0.000000 7.063013 a b -6.960039 1 0;
-0.624573 0.000000 7.138105 a b -8.538775 1 0;
-0.636771 0.000000 7.219352 a b -10.080712 1 0;
-0.652434 0.000000 7.307457 a b -11.556279 1 0;
-0.671996 0.000000 7.403122 a b -12.946700 1 0;
-0.695888 0.000000 7.507051 a b -14.242673 1 0;
-0.724544 0.000000 7.619945 a b -15.440523 1 0;
-0.758397 0.000000 7.742509 a b -16.542064 1 0;
-0.797880 0.000000 7.875443 a b -17.550870 1 0;
-0.843426 0.000000 8.019452 a b -18.472659 1 0;
-0.895469 0.000000 8.175239 a b -19.313984 1 0;
-0.954441 0.000000 8.343505 a b -19.313984 1 0;
