0.700536 0.000000 10.145999 a b 66.946840 1 0;
0.791876 0.000000 10.184871 a b 65.035700 1 0;
0.875914 0.000000 10.223994 a b 62.936303 1 0;
0.952952 0.000000 10.263355 a b 60.626648 1 0;
1.023296 0.000000 10.302949 a b 58.098875 1 0;
1.087250 0.000000 10.342758 a b 55.335036 1 0;
1.145117 0.000000 10.382775 a b 52.327684 1 0;
1.197203 0.000000 10.422992 a b 49.078292 1 0;
1.243812 0.000000 10.463396 a b 45.597675 1 0;
1.285247 0.000000 10.503976 a b 41.903313 1 0;
1.321814 0.000000 10.544725 a b 38.038009 1 0;
1.353816 0.000000 10.585630 a b 34.051663 1 0;
1.381558 0.000000 10.626679 a b 30.007559 1 0;
1.405344 0.000000 10.667866 a b 25.984383 1 0;
1.425478 0.000000 10.709176 a b 22.060002 1 0;
1.442266 0.000000 10.750601 a b 18.312199 1 0;
1.456010 0.000000 10.792130 a b 14.810250 1 0;
1.467015 0.000000 10.833754 a b 11.613235 1 0;
1.475586 0.000000 10.875461 a b 8.764121 1 0;
1.482027 0.000000 10.917239 a b 6.294212 1 0;
1.486642 0.000000 10.959081 a b 4.223326 1 0;
1.489736 0.000000 11.000976 a b 2.562325 1 0;
1.491613 0.000000 11.042912 a b 1.315172 1 0;
1.492576 0.000000 11.084878 a b 0.484414 1 0;
1.492931 0.000000 11.126866 a b 0.128282 1 0;
1.493027 0.000000 11.169514 a b -0.062121 1 0;
1.492981 0.000000 11.211515 a b -0.435993 1 0;
1.492661 0.000000 11.253531 a b -1.181880 1 0;
1.491794 0.000000 11.295573 a b -2.299200 1 0;
1.490105 0.000000 11.337654 a b -3.782183 1 0;
1.487319 0.000000 11.379786 a b -5.623119 1 0;
1.483164 0.000000 11.421987 a b -7.809702 1 0;
1.477366 0.000000 11.464265 a b -10.321771 1 0;
1.469649 0.000000 11.506635 a b -13.130577 1 0;
1.459741 0.000000 11.549109 a b -16.198267 1 0;
1.447367 0.000000 11.591704 a b -19.480525 1 0;
1.432254 0.000000 11.634429 a b -22.920448 1 0;
1.414127 0.000000 11.677299 a b -26.459424 1 0;
1.392713 0.000000 11.720325 a b -30.034630 1 0;
1.367737 0.000000 11.763524 a b -33.588765 1 0;
1.338926 0.000000 11.806907 a b -37.068796 1 0;
1.306006 0.000000 11.850485 a b -40.427089 1 0;
1.268702 0.000000 11.894275 a b -43.632078 1 0;
1.226741 0.000000 11.938289 a b -46.660125 1 0;
1.179849 0.000000 11.982539 a b -49.497471 1 0;
1.127751 0.000000 12.027039 a b -52.137537 1 0;
1.070175 0.000000 12.071800 a b -54.580630 1 0;
1.006845 0.000000 12.116838 a b -56.833309 1 0;
0.937489 0.000000 12.162167 a b -58.905622 1 0;
0.861831 0.000000 12.207796 a b -60.806945 1 0;
0.779598 0.000000 12.253741 a b -60.806945 1 0;
