-0.083360 0.000000 5.945120 a b 68.901703 1 0;
0.017651 0.000000 5.984093 a b 67.121426 1 0;
0.110585 0.000000 6.023309 a b 65.154341 1 0;
0.195779 0.000000 6.062757 a b 62.980467 1 0;
0.273571 0.000000 6.102427 a b 60.581759 1 0;
0.344295 0.000000 6.142308 a b 57.939463 1 0;
0.408289 0.000000 6.182390 a b 55.038712 1 0;
0.465889 0.000000 6.222664 a b 51.871792 1 0;
0.517432 0.000000 6.263120 a b 48.439299 1 0;
0.563254 0.000000 6.303746 a b 44.752321 1 0;
0.603692 0.000000 6.344535 a b 40.840986 1 0;
0.639082 0.000000 6.385476 a b 36.752985 1 0;
0.669761 0.000000 6.426556 a b 32.548797 1 0;
0.696066 0.000000 6.467768 a b 28.311022 1 0;
0.718332 0.000000 6.509101 a b 24.129826 1 0;
0.736896 0.000000 6.550545 a b 20.095442 1 0;
0.752095 0.000000 6.592089 a b 16.294416 1 0;
0.764266 0.000000 6.633724 a b 12.801116 1 0;
0.773745 0.000000 6.675441 a b 9.673470 1 0;
0.780867 0.000000 6.717227 a b 6.953795 1 0;
0.785971 0.000000 6.759074 a b 4.668162 1 0;
0.789392 0.000000 6.800972 a b 2.832852 1 0;
0.791468 0.000000 6.842910 a b 1.454507 1 0;
0.792533 0.000000 6.884878 a b 0.535651 1 0;
0.792926 0.000000 6.926866 a b 0.068657 1 0;
0.792977 0.000000 6.969244 a b -0.066573 1 0;
0.792928 0.000000 7.011259 a b -0.464807 1 0;
0.792586 0.000000 7.053358 a b -1.256440 1 0;
0.791659 0.000000 7.095628 a b -2.430999 1 0;
0.789854 0.000000 7.138153 a b -3.971925 1 0;
0.786878 0.000000 7.181019 a b -5.855909 1 0;
0.782437 0.000000 7.224311 a b -8.052068 1 0;
0.776241 0.000000 7.268114 a b -10.521319 1 0;
0.767995 0.000000 7.312513 a b -13.217646 1 0;
0.757407 0.000000 7.357594 a b -16.087639 1 0;
0.744184 0.000000 7.403442 a b -19.077518 1 0;
0.728033 0.000000 7.450141 a b -22.128570 1 0;
0.708662 0.000000 7.497778 a b -25.187743 1 0;
0.685778 0.000000 7.546436 a b -28.204812 1 0;
0.659089 0.000000 7.596202 a b -31.139441 1 0;
0.628300 0.000000 7.647161 a b -33.959843 1 0;
0.593121 0.000000 7.699396 a b -36.639345 1 0;
0.553257 0.000000 7.752996 a b -39.165388 1 0;
0.508416 0.000000 7.808044 a b -41.529636 1 0;
0.458306 0.000000 7.864625 a b -43.728909 1 0;
0.402633 0.000000 7.922824 a b -45.766837 1 0;
0.341105 0.000000 7.982727 a b -47.648419 1 0;
0.273429 0.000000 8.044418 a b -49.381887 1 0;
0.199312 0.000000 8.107985 a b -50.976872 1 0;
0.118462 0.000000 8.173510 a b -52.442595 1 0;
0.030586 0.000000 8.241079 a b -52.442595 1 0;
