1.456064 0.000000 27.372478 a b -97.674755 1 0;
1.417070 0.000000 27.367224 a b -95.135806 1 0;
1.379635 0.000000 27.363859 a b -92.381708 1 0;
1.343728 0.000000 27.362366 a b -89.422011 1 0;
1.309318 0.000000 27.362713 a b -86.270284 1 0;
1.276372 0.000000 27.364861 a b -82.892674 1 0;
1.244860 0.000000 27.368790 a b -79.334871 1 0;
1.214749 0.000000 27.374460 a b -75.589121 1 0;
1.186008 0.000000 27.381845 a b -71.698254 1 0;
1.158605 0.000000 27.390909 a b -67.662281 1 0;
1.132508 0.000000 27.401632 a b -63.561339 1 0;
1.107686 0.000000 27.413975 a b -59.427276 1 0;
1.084107 0.000000 27.427904 a b -55.283735 1 0;
1.061740 0.000000 27.443401 a b -51.219626 1 0;
1.040553 0.000000 27.460424 a b -47.253093 1 0;
1.020513 0.000000 27.478947 a b -43.427726 1 0;
1.001590 0.000000 27.498938 a b -39.772297 1 0;
0.983752 0.000000 27.520369 a b -36.310743 1 0;
0.966968 0.000000 27.543209 a b -33.070793 1 0;
0.951204 0.000000 27.567417 a b -30.029076 1 0;
0.936431 0.000000 27.592976 a b -27.207602 1 0;
0.922616 0.000000 27.619848 a b -24.590189 1 0;
0.909727 0.000000 27.648012 a b -22.185753 1 0;
0.897733 0.000000 27.677423 a b -19.969617 1 0;
0.886602 0.000000 27.708055 a b -17.928773 1 0;
0.876303 0.000000 27.739887 a b -16.064422 1 0;
0.866804 0.000000 27.772875 a b -14.353356 1 0;
0.858073 0.000000 27.806995 a b -12.787538 1 0;
0.850079 0.000000 27.842218 a b -11.356776 1 0;
0.842789 0.000000 27.878511 a b -10.050452 1 0;
0.836173 0.000000 27.915842 a b -8.857964 1 0;
0.830198 0.000000 27.954180 a b -7.769772 1 0;
0.824833 0.000000 27.993498 a b -6.779840 1 0;
0.820047 0.000000 28.033760 a b -5.878543 1 0;
0.815807 0.000000 28.074940 a b -5.060340 1 0;
0.812082 0.000000 28.117006 a b -4.318776 1 0;
0.808840 0.000000 28.159929 a b -3.649665 1 0;
0.806050 0.000000 28.203672 a b -3.045997 1 0;
0.803680 0.000000 28.248213 a b -2.504989 1 0;
0.801698 0.000000 28.293514 a b -2.021933 1 0;
0.800073 0.000000 28.339548 a b -1.593527 1 0;
0.798773 0.000000 28.386286 a b -1.216677 1 0;
0.797766 0.000000 28.433693 a b -0.888709 1 0;
0.797021 0.000000 28.481739 a b -0.606565 1 0;
0.796506 0.000000 28.530399 a b -0.368805 1 0;
0.796189 0.000000 28.579634 a b -0.172932 1 0;
0.796038 0.000000 28.629419 a b -0.017314 1 0;
0.796023 0.000000 28.679720 a b 0.099448 1 0;
0.796111 0.000000 28.730509 a b 0.178661 1 0;
0.796271 0.000000 28.781755 a b 0.221677 1 0;
0.796471 0.000000 28.833426 a b 0.221677 1 0;
