0.024665 0.000000 10.222200 a b -136.815213 1 0;
-0.128640 0.000000 10.058860 a b -138.290608 1 0;
-0.263388 0.000000 9.907673 a b -139.968462 1 0;
-0.380774 0.000000 9.767934 a b -141.876407 1 0;
-0.481996 0.000000 9.638949 a b -144.048676 1 0;
-0.568252 0.000000 9.520016 a b -146.515391 1 0;
-0.640739 0.000000 9.410436 a b -149.304391 1 0;
-0.700655 0.000000 9.309509 a b -152.430303 1 0;
-0.749195 0.000000 9.216539 a b -155.888289 1 0;
-0.787559 0.000000 9.130823 a b -159.634671 1 0;
-0.816943 0.000000 9.051665 a b -163.580775 1 0;
-0.838545 0.000000 8.978361 a b -167.572963 1 0;
-0.853561 0.000000 8.910216 a b -171.402724 1 0;
-0.863189 0.000000 8.846531 a b -174.815578 1 0;
-0.868627 0.000000 8.786601 a b -177.538422 1 0;
-0.871072 0.000000 8.729733 a b -179.318380 1 0;
-0.871720 0.000000 8.675224 a b -179.973549 1 0;
-0.871744 0.000000 8.622674 a b 179.999935 1 0;
-0.871744 0.000000 8.571082 a b -179.999931 1 0;
-0.871744 0.000000 8.520572 a b 179.999933 1 0;
-0.871744 0.000000 8.470986 a b -179.999859 1 0;
-0.871744 0.000000 8.422173 a b 179.000000 1 0;
-0.871744 0.000000 8.373976 a b 179.000000 1 0;
-0.871744 0.000000 8.326241 a b 179.999858 1 0;
-0.871744 0.000000 8.278813 a b 179.000000 1 0;
-0.871744 0.000000 8.231541 a b -179.999854 1 0;
-0.871744 0.000000 8.184269 a b 179.999858 1 0;
-0.871744 0.000000 8.136841 a b -179.999927 1 0;
-0.871744 0.000000 8.089105 a b 179.000000 1 0;
-0.871744 0.000000 8.040904 a b 179.000000 1 0;
-0.871744 0.000000 7.992086 a b 179.999933 1 0;
-0.871744 0.000000 7.942496 a b -179.999863 1 0;
-0.871744 0.000000 7.891980 a b 179.000000 1 0;
-0.871744 0.000000 7.840383 a b 179.818097 1 0;
-0.871577 0.000000 7.787609 a b 178.752354 1 0;
-0.870405 0.000000 7.733793 a b 176.669040 1 0;
-0.867223 0.000000 7.679127 a b 173.609873 1 0;
-0.861027 0.000000 7.623805 a b 169.623752 1 0;
-0.850813 0.000000 7.568020 a b 164.792062 1 0;
-0.835575 0.000000 7.511965 a b 159.250208 1 0;
-0.814308 0.000000 7.455833 a b 153.197879 1 0;
-0.786009 0.000000 7.399815 a b 146.884418 1 0;
-0.749672 0.000000 7.344107 a b 140.580355 1 0;
-0.704292 0.000000 7.288899 a b 134.523591 1 0;
-0.648866 0.000000 7.234387 a b 128.892202 1 0;
-0.582387 0.000000 7.180760 a b 123.784674 1 0;
-0.503852 0.000000 7.128216 a b 119.238537 1 0;
-0.412256 0.000000 7.076944 a b 115.238027 1 0;
-0.306593 0.000000 7.027137 a b 111.741657 1 0;
-0.185860 0.000000 6.978990 a b 108.695517 1 0;
-0.049052 0.000000 6.932695 a b 108.695517 1 0;
