0.338950 0.000000 11.424100 a b -110.749327 1 0;
0.111872 0.000000 11.338071 a b -62.168619 1 0;
-0.110785 0.000000 11.455621 a b -35.506328 1 0;
-0.273648 0.000000 11.683892 a b -9.882506 1 0;
-0.322696 0.000000 11.965436 a b 15.328113 1 0;
-0.260792 0.000000 12.191286 a b 29.604532 1 0;
-0.141744 0.000000 12.400809 a b 24.168966 1 0;
-0.022154 0.000000 12.667295 a b 21.024465 1 0;
0.054716 0.000000 12.867294 a b 14.676403 1 0;
0.107097 0.000000 13.067294 a b 16.842104 1 0;
0.167642 0.000000 13.267295 a b 25.852670 1 0;
0.267347 0.000000 13.473062 a b 34.887144 1 0;
0.406802 0.000000 13.673062 a b 36.430768 1 0;
0.554421 0.000000 13.873063 a b 26.391934 1 0;
0.677912 0.000000 14.121922 a b 20.342121 1 0;
0.752062 0.000000 14.321922 a b 9.462310 1 0;
0.785395 0.000000 14.521923 a b 2.531818 1 0;
0.794239 0.000000 14.721922 a b 0.106944 1 0;
0.794624 0.000000 14.928370 a b -0.000019 1 0;
0.794624 0.000000 15.128368 a b 0.000016 1 0;
0.794624 0.000000 15.328369 a b 0.694452 1 0;
0.797706 0.000000 15.582669 a b 0.000000 1 0;
0.797706 0.000000 15.782669 a b -0.000019 1 0;
0.797706 0.000000 15.982669 a b 0.000033 1 0;
0.797707 0.000000 16.182669 a b 0.106576 1 0;
0.798092 0.000000 16.389795 a b 0.000000 1 0;
0.798092 0.000000 16.589796 a b 0.000000 1 0;
0.798092 0.000000 16.789797 a b 0.679933 1 0;
0.801174 0.000000 17.049538 a b 0.000033 1 0;
0.801174 0.000000 17.249540 a b -0.000019 1 0;
0.801174 0.000000 17.449539 a b -0.000019 1 0;
0.801174 0.000000 17.649538 a b 0.106243 1 0;
0.801560 0.000000 17.857347 a b 0.000016 1 0;
0.801560 0.000000 18.057348 a b -0.000019 1 0;
0.801560 0.000000 18.257345 a b -0.000019 1 0;
0.801560 0.000000 18.457344 a b 0.000016 1 0;
0.801560 0.000000 18.656528 a b -0.000019 1 0;
0.801560 0.000000 18.850813 a b 0.000000 1 0;
0.801560 0.000000 19.035305 a b 0.123685 1 0;
0.801945 0.000000 19.213837 a b -0.000045 1 0;
0.801945 0.000000 19.370493 a b 0.000044 1 0;
0.801945 0.000000 19.520531 a b -0.000024 1 0;
0.801945 0.000000 19.670963 a b 0.239986 1 0;
0.802602 0.000000 19.827923 a b 1.587096 1 0;
0.807204 0.000000 19.994009 a b 4.038049 1 0;
0.819695 0.000000 20.170948 a b 7.314171 1 0;
0.844019 0.000000 20.360456 a b 11.132206 1 0;
0.884122 0.000000 20.564253 a b 15.225613 1 0;
0.943946 0.000000 20.784056 a b 19.366268 1 0;
1.027438 0.000000 21.021589 a b 23.380901 1 0;
1.138541 0.000000 21.278568 a b 23.380901 1 0;
