0.002140 0.000000 8.164780 a b 74.557723 1 0;
0.093296 0.000000 8.189960 a b 72.448302 1 0;
0.177163 0.000000 8.216487 a b 70.110685 1 0;
0.254045 0.000000 8.244302 a b 67.521210 1 0;
0.324247 0.000000 8.273350 a b 64.660141 1 0;
0.388071 0.000000 8.303574 a b 61.508835 1 0;
0.445821 0.000000 8.334918 a b 58.056581 1 0;
0.497802 0.000000 8.367328 a b 54.305736 1 0;
0.544316 0.000000 8.400744 a b 50.267372 1 0;
0.585667 0.000000 8.435115 a b 45.978609 1 0;
0.622160 0.000000 8.470382 a b 41.492704 1 0;
0.654098 0.000000 8.506490 a b 36.887252 1 0;
0.681783 0.000000 8.543381 a b 32.251275 1 0;
0.705521 0.000000 8.581001 a b 27.687711 1 0;
0.725615 0.000000 8.619294 a b 23.295977 1 0;
0.742368 0.000000 8.658202 a b 19.163484 1 0;
0.756084 0.000000 8.697671 a b 15.363081 1 0;
0.767068 0.000000 8.737646 a b 11.948113 1 0;
0.775622 0.000000 8.778069 a b 8.950237 1 0;
0.782049 0.000000 8.818882 a b 6.386542 1 0;
0.786655 0.000000 8.860031 a b 4.261888 1 0;
0.789743 0.000000 8.901462 a b 2.574207 1 0;
0.791615 0.000000 8.943117 a b 1.317169 1 0;
0.792577 0.000000 8.984939 a b 0.484065 1 0;
0.792931 0.000000 9.026873 a b 0.068439 1 0;
0.792982 0.000000 9.069386 a b -0.046910 1 0;
0.792948 0.000000 9.111394 a b -0.327595 1 0;
0.792707 0.000000 9.153447 a b -0.887418 1 0;
0.792055 0.000000 9.195591 a b -1.722124 1 0;
0.790783 0.000000 9.237869 a b -2.825628 1 0;
0.788688 0.000000 9.280330 a b -4.188634 1 0;
0.785561 0.000000 9.323018 a b -5.799318 1 0;
0.781198 0.000000 9.365977 a b -7.641030 1 0;
0.775392 0.000000 9.409255 a b -9.694760 1 0;
0.767937 0.000000 9.452893 a b -11.934634 1 0;
0.758627 0.000000 9.496942 a b -14.334886 1 0;
0.747255 0.000000 9.541441 a b -16.861823 1 0;
0.733616 0.000000 9.586440 a b -19.483414 1 0;
0.717504 0.000000 9.631983 a b -22.163502 1 0;
0.698711 0.000000 9.678116 a b -24.869720 1 0;
0.677033 0.000000 9.724882 a b -27.567652 1 0;
0.652263 0.000000 9.772328 a b -30.227956 1 0;
0.624195 0.000000 9.820500 a b -32.825694 1 0;
0.592622 0.000000 9.869443 a b -35.340059 1 0;
0.557339 0.000000 9.919201 a b -37.753611 1 0;
0.518140 0.000000 9.969821 a b -40.056936 1 0;
0.474818 0.000000 10.021346 a b -42.239941 1 0;
0.427167 0.000000 10.073824 a b -44.300654 1 0;
0.374982 0.000000 10.127299 a b -46.238785 1 0;
0.318055 0.000000 10.181816 a b -48.054000 1 0;
0.256181 0.000000 10.237422 a b -48.054000 1 0;
