1.164050 0.000000 18.781000 a b 22.104325 1 0;
1.220304 0.000000 18.919508 a b 20.917623 1 0;
1.269749 0.000000 19.048872 a b 19.636546 1 0;
1.312823 0.000000 19.169594 a b 18.257341 1 0;
1.349966 0.000000 19.282185 a b 16.780987 1 0;
1.381617 0.000000 19.387144 a b 15.208903 1 0;
1.408216 0.000000 19.484983 a b 13.550942 1 0;
1.430201 0.000000 19.576202 a b 11.820091 1 0;
1.448013 0.000000 19.661314 a b 10.041578 1 0;
1.462090 0.000000 19.740812 a b 8.245930 1 0;
1.472873 0.000000 19.815214 a b 6.478339 1 0;
1.480799 0.000000 19.885017 a b 4.793264 1 0;
1.486309 0.000000 19.950729 a b 3.254933 1 0;
1.489843 0.000000 20.012859 a b 1.935165 1 0;
1.491838 0.000000 20.071903 a b 0.910135 1 0;
1.492735 0.000000 20.128378 a b 0.250598 1 0;
1.492973 0.000000 20.182779 a b 0.044801 1 0;
1.493015 0.000000 20.236137 a b -0.000266 1 0;
1.493014 0.000000 20.287725 a b 0.000134 1 0;
1.493014 0.000000 20.338236 a b -0.000139 1 0;
1.493014 0.000000 20.387821 a b 0.000138 1 0;
1.493014 0.000000 20.436638 a b 0.000000 1 0;
1.493014 0.000000 20.484833 a b 0.000000 1 0;
1.493014 0.000000 20.532568 a b -0.000290 1 0;
1.493014 0.000000 20.579994 a b 0.000143 1 0;
1.493014 0.000000 20.627266 a b 0.000143 1 0;
1.493014 0.000000 20.674540 a b -0.000146 1 0;
1.493014 0.000000 20.721968 a b 0.000000 1 0;
1.493014 0.000000 20.769705 a b 0.000140 1 0;
1.493014 0.000000 20.817905 a b 0.000000 1 0;
1.493014 0.000000 20.866724 a b -0.000139 1 0;
1.493014 0.000000 20.916311 a b 0.000134 1 0;
1.493014 0.000000 20.966829 a b 0.000000 1 0;
1.493014 0.000000 21.018427 a b -0.068101 1 0;
1.492952 0.000000 21.071283 a b -0.463107 1 0;
1.492512 0.000000 21.125675 a b -1.216562 1 0;
1.491318 0.000000 21.181900 a b -2.281297 1 0;
1.488993 0.000000 21.240261 a b -3.606885 1 0;
1.485161 0.000000 21.301060 a b -5.142817 1 0;
1.479443 0.000000 21.364590 a b -6.835593 1 0;
1.471463 0.000000 21.431156 a b -8.638308 1 0;
1.460845 0.000000 21.501053 a b -10.503954 1 0;
1.447210 0.000000 21.574589 a b -12.395912 1 0;
1.430183 0.000000 21.652060 a b -14.280829 1 0;
1.409386 0.000000 21.733765 a b -16.132340 1 0;
1.384441 0.000000 21.820004 a b -17.929044 1 0;
1.354974 0.000000 21.911079 a b -19.658404 1 0;
1.320605 0.000000 22.007288 a b -21.309147 1 0;
1.280958 0.000000 22.108929 a b -22.873964 1 0;
1.235657 0.000000 22.216309 a b -24.352982 1 0;
1.184323 0.000000 22.329720 a b -24.352982 1 0;
