1.766810 0.000000 29.023300 a b 46.798438 1 0;
1.924605 0.000000 29.171488 a b 37.447458 1 0;
2.037671 0.000000 29.319118 a b 27.438060 1 0;
2.113463 0.000000 29.465097 a b 17.795088 1 0;
2.159435 0.000000 29.608326 a b 9.612885 1 0;
2.183042 0.000000 29.747711 a b 3.701628 1 0;
2.191739 0.000000 29.882141 a b 1.719287 1 0;
2.198133 0.000000 30.095148 a b -0.000114 1 0;
2.198133 0.000000 30.216743 a b 0.000235 1 0;
2.198133 0.000000 30.332224 a b 0.000000 1 0;
2.198133 0.000000 30.442596 a b 0.000000 1 0;
2.198133 0.000000 30.548887 a b -0.000266 1 0;
2.198133 0.000000 30.652115 a b 0.000133 1 0;
2.198133 0.000000 30.753307 a b 0.753220 1 0;
2.199731 0.000000 30.874884 a b -0.000138 1 0;
2.199731 0.000000 30.974882 a b 0.000135 1 0;
2.199731 0.000000 31.074886 a b 0.000000 1 0;
2.199731 0.000000 31.174885 a b 0.000000 1 0;
2.199731 0.000000 31.274883 a b -0.000138 1 0;
2.199731 0.000000 31.374884 a b 0.000135 1 0;
2.199731 0.000000 31.474884 a b 0.532641 1 0;
2.200797 0.000000 31.589495 a b 0.000000 1 0;
2.200797 0.000000 31.689495 a b 0.000135 1 0;
2.200797 0.000000 31.789499 a b -0.000138 1 0;
2.200797 0.000000 31.889498 a b 0.000135 1 0;
2.200797 0.000000 31.989496 a b 0.000000 1 0;
2.200797 0.000000 32.089500 a b 0.000000 1 0;
2.200797 0.000000 32.189499 a b 0.530975 1 0;
2.201862 0.000000 32.304443 a b 0.000135 1 0;
2.201863 0.000000 32.404434 a b 0.000135 1 0;
2.201863 0.000000 32.504326 a b 0.000000 1 0;
2.201863 0.000000 32.604031 a b 0.000000 1 0;
2.201863 0.000000 32.703457 a b 0.000000 1 0;
2.201863 0.000000 32.802517 a b -0.000140 1 0;
2.201863 0.000000 32.901108 a b 0.000000 1 0;
2.201863 0.000000 32.999142 a b -0.260985 1 0;
2.201418 0.000000 33.096706 a b -1.820872 1 0;
2.198307 0.000000 33.194561 a b -4.871567 1 0;
2.189863 0.000000 33.293640 a b -9.224446 1 0;
2.173418 0.000000 33.394897 a b -14.560761 1 0;
2.146307 0.000000 33.499271 a b -20.454920 1 0;
2.105863 0.000000 33.607704 a b -26.455598 1 0;
2.049419 0.000000 33.721134 a b -32.131489 1 0;
1.974080 0.000000 33.841087 a b -36.941181 1 0;
1.876043 0.000000 33.971466 a b -40.658278 1 0;
1.751274 0.000000 34.116737 a b -43.369666 1 0;
1.595740 0.000000 34.281384 a b -45.276249 1 0;
1.405411 0.000000 34.469887 a b -46.583838 1 0;
1.176252 0.000000 34.686714 a b -47.456445 1 0;
0.904231 0.000000 34.936356 a b -48.022401 1 0;
0.585317 0.000000 35.223282 a b -48.022401 1 0;
