-0.663268 0.000000 6.904382 a b 176.239397 1 0;
-0.655953 0.000000 6.793086 a b 176.358566 1 0;
-0.649222 0.000000 6.687331 a b 176.484954 1 0;
-0.643052 0.000000 6.586885 a b 176.619222 1 0;
-0.637419 0.000000 6.491520 a b 176.761413 1 0;
-0.632297 0.000000 6.401000 a b 176.911804 1 0;
-0.627662 0.000000 6.315099 a b 177.070467 1 0;
-0.623491 0.000000 6.233584 a b 177.237406 1 0;
-0.619758 0.000000 6.156224 a b 177.412607 1 0;
-0.616439 0.000000 6.082788 a b 177.595449 1 0;
-0.613511 0.000000 6.013048 a b 177.785487 1 0;
-0.610948 0.000000 5.946770 a b 177.981681 1 0;
-0.608726 0.000000 5.883722 a b 178.182860 1 0;
-0.606821 0.000000 5.823677 a b 178.387293 1 0;
-0.605208 0.000000 5.766402 a b 178.592897 1 0;
-0.603864 0.000000 5.711667 a b 178.797114 1 0;
-0.602763 0.000000 5.659239 a b 178.997129 1 0;
-0.601882 0.000000 5.608890 a b 179.189268 1 0;
-0.601195 0.000000 5.560388 a b 179.369558 1 0;
-0.600679 0.000000 5.513501 a b 179.534601 1 0;
-0.600310 0.000000 5.467999 a b 179.679879 1 0;
-0.600062 0.000000 5.423652 a b 179.801810 1 0;
-0.599912 0.000000 5.380229 a b 179.896426 1 0;
-0.599835 0.000000 5.337498 a b 179.961383 1 0;
-0.599806 0.000000 5.295228 a b -179.947044 1 0;
-0.599844 0.000000 5.253632 a b 179.976929 1 0;
-0.599828 0.000000 5.211595 a b 179.839500 1 0;
-0.599709 0.000000 5.169338 a b 179.568823 1 0;
-0.599388 0.000000 5.126640 a b 179.173138 1 0;
-0.598762 0.000000 5.083280 a b 178.664138 1 0;
-0.597730 0.000000 5.039038 a b 178.056103 1 0;
-0.596191 0.000000 4.993694 a b 177.364723 1 0;
-0.594043 0.000000 4.947028 a b 176.606990 1 0;
-0.591185 0.000000 4.898818 a b 175.799838 1 0;
-0.587515 0.000000 4.848844 a b 174.958878 1 0;
-0.582932 0.000000 4.796886 a b 174.099081 1 0;
-0.577334 0.000000 4.742723 a b 173.233394 1 0;
-0.570619 0.000000 4.686135 a b 172.372875 1 0;
-0.562687 0.000000 4.626901 a b 171.526825 1 0;
-0.553436 0.000000 4.564801 a b 170.702437 1 0;
-0.542764 0.000000 4.499614 a b 169.905518 1 0;
-0.530570 0.000000 4.431119 a b 169.139545 1 0;
-0.516753 0.000000 4.359098 a b 168.407652 1 0;
-0.501210 0.000000 4.283329 a b 167.711330 1 0;
-0.483841 0.000000 4.203590 a b 167.051129 1 0;
-0.464544 0.000000 4.119663 a b 166.427036 1 0;
-0.443217 0.000000 4.031326 a b 165.838514 1 0;
-0.419759 0.000000 3.938359 a b 165.284455 1 0;
-0.394069 0.000000 3.840542 a b 164.763713 1 0;
-0.366045 0.000000 3.737653 a b 164.274653 1 0;
-0.335585 0.000000 3.629474 a b 164.274653 1 0;
