1.138720 0.000000 21.516199 a b -50.090017 1 0;
0.959876 0.000000 21.665789 a b -48.492754 1 0;
0.802683 0.000000 21.804897 a b -46.664796 1 0;
0.665742 0.000000 21.934103 a b -44.561171 1 0;
0.547657 0.000000 22.054010 a b -42.143349 1 0;
0.447032 0.000000 22.165205 a b -39.363776 1 0;
0.362470 0.000000 22.268286 a b -36.185887 1 0;
0.292573 0.000000 22.363836 a b -32.578812 1 0;
0.235946 0.000000 22.452454 a b -28.545021 1 0;
0.191192 0.000000 22.534727 a b -24.129204 1 0;
0.156913 0.000000 22.611254 a b -19.449189 1 0;
0.131713 0.000000 22.682617 a b -14.695019 1 0;
0.114195 0.000000 22.749414 a b -10.136461 1 0;
0.102963 0.000000 22.812241 a b -6.092078 1 0;
0.096619 0.000000 22.871677 a b -2.881689 1 0;
0.093768 0.000000 22.928329 a b -0.796082 1 0;
0.093011 0.000000 22.982779 a b 0.007837 1 0;
0.093018 0.000000 23.036207 a b 0.136767 1 0;
0.093141 0.000000 23.087673 a b 0.530137 1 0;
0.093604 0.000000 23.137722 a b 1.215459 1 0;
0.094634 0.000000 23.186274 a b 2.222674 1 0;
0.096458 0.000000 23.233269 a b 3.589216 1 0;
0.099303 0.000000 23.278620 a b 5.356522 1 0;
0.103395 0.000000 23.322264 a b 7.575231 1 0;
0.108962 0.000000 23.364120 a b 10.296557 1 0;
0.116229 0.000000 23.404125 a b 13.575811 1 0;
0.125425 0.000000 23.442205 a b 17.464908 1 0;
0.136775 0.000000 23.478281 a b 21.989161 1 0;
0.150507 0.000000 23.512287 a b 27.152000 1 0;
0.166847 0.000000 23.544147 a b 32.897155 1 0;
0.186023 0.000000 23.573792 a b 39.114104 1 0;
0.208260 0.000000 23.601141 a b 45.606037 1 0;
0.233787 0.000000 23.626133 a b 52.164262 1 0;
0.262829 0.000000 23.648689 a b 58.364481 1 0;
0.295573 0.000000 23.668861 a b 63.277339 1 0;
0.332042 0.000000 23.687222 a b 66.791336 1 0;
0.372219 0.000000 23.704449 a b 69.051499 1 0;
0.416087 0.000000 23.721243 a b 70.272905 1 0;
0.463629 0.000000 23.738291 a b 70.641528 1 0;
0.514828 0.000000 23.756279 a b 70.311194 1 0;
0.569666 0.000000 23.775902 a b 69.423900 1 0;
0.628126 0.000000 23.797848 a b 68.092529 1 0;
0.690192 0.000000 23.822807 a b 66.413040 1 0;
0.755845 0.000000 23.851473 a b 64.474388 1 0;
0.825070 0.000000 23.884529 a b 62.343131 1 0;
0.897847 0.000000 23.922668 a b 60.078698 1 0;
0.974162 0.000000 23.966589 a b 57.745135 1 0;
1.053995 0.000000 24.016970 a b 55.379574 1 0;
1.137331 0.000000 24.074503 a b 53.018491 1 0;
1.224152 0.000000 24.139883 a b 50.694917 1 0;
1.314440 0.000000 24.213797 a b 50.694917 1 0;
