1.140290 0.000000 21.827700 a b -61.730941 1 0;
0.961178 0.000000 21.924017 a b -59.621713 1 0;
0.803748 0.000000 22.016300 a b -57.191664 1 0;
0.666601 0.000000 22.104713 a b -54.378605 1 0;
0.548340 0.000000 22.189447 a b -51.132874 1 0;
0.447564 0.000000 22.270668 a b -47.394660 1 0;
0.362874 0.000000 22.348558 a b -43.128681 1 0;
0.292873 0.000000 22.423288 a b -38.322250 1 0;
0.236161 0.000000 22.495041 a b -33.029746 1 0;
0.191339 0.000000 22.563982 a b -27.370053 1 0;
0.157009 0.000000 22.630297 a b -21.564756 1 0;
0.131771 0.000000 22.694155 a b -15.902459 1 0;
0.114227 0.000000 22.755733 a b -10.709457 1 0;
0.102978 0.000000 22.815214 a b -6.299966 1 0;
0.096625 0.000000 22.872761 a b -2.929824 1 0;
0.093769 0.000000 22.928564 a b -0.800590 1 0;
0.093011 0.000000 22.982788 a b 0.007837 1 0;
0.093018 0.000000 23.036217 a b 0.136772 1 0;
0.093141 0.000000 23.087681 a b 0.530137 1 0;
0.093604 0.000000 23.137730 a b 1.215412 1 0;
0.094635 0.000000 23.186283 a b 2.222674 1 0;
0.096459 0.000000 23.233278 a b 3.589216 1 0;
0.099303 0.000000 23.278629 a b 5.356754 1 0;
0.103395 0.000000 23.322271 a b 7.574890 1 0;
0.108962 0.000000 23.364130 a b 10.296557 1 0;
0.116229 0.000000 23.404135 a b 13.575811 1 0;
0.125425 0.000000 23.442215 a b 17.464908 1 0;
0.136775 0.000000 23.478291 a b 21.990277 1 0;
0.150507 0.000000 23.512295 a b 27.150607 1 0;
0.166847 0.000000 23.544157 a b 32.898837 1 0;
0.186023 0.000000 23.573799 a b 39.114104 1 0;
0.208260 0.000000 23.601149 a b 45.606037 1 0;
0.233787 0.000000 23.626141 a b 52.164276 1 0;
0.262829 0.000000 23.648697 a b 58.261313 1 0;
0.295574 0.000000 23.668951 a b 62.585633 1 0;
0.332050 0.000000 23.687870 a b 64.988990 1 0;
0.372245 0.000000 23.706623 a b 65.770988 1 0;
0.416150 0.000000 23.726381 a b 65.256477 1 0;
0.463752 0.000000 23.748320 a b 63.756084 1 0;
0.515040 0.000000 23.773605 a b 61.529259 1 0;
0.570003 0.000000 23.803411 a b 58.809661 1 0;
0.628630 0.000000 23.838903 a b 55.777556 1 0;
0.690908 0.000000 23.881264 a b 52.604084 1 0;
0.756828 0.000000 23.931656 a b 49.407683 1 0;
0.826378 0.000000 23.991251 a b 46.280245 1 0;
0.899546 0.000000 24.061220 a b 43.282541 1 0;
0.976322 0.000000 24.142742 a b 40.460440 1 0;
1.056693 0.000000 24.236977 a b 37.828601 1 0;
1.140649 0.000000 24.345100 a b 35.395588 1 0;
1.228179 0.000000 24.468287 a b 33.159813 1 0;
1.319270 0.000000 24.607702 a b 33.159813 1 0;
