-0.477617 0.000000 4.447730 a b -42.286984 1 0;
-0.733621 0.000000 4.729204 a b -33.627161 1 0;
-0.895521 0.000000 4.972631 a b -21.699554 1 0;
-0.979102 0.000000 5.182668 a b -6.623246 1 0;
-1.000154 0.000000 5.363966 a b 9.281138 1 0;
-0.974462 0.000000 5.521180 a b 22.349042 1 0;
-0.917815 0.000000 5.658965 a b 30.277954 1 0;
-0.845999 0.000000 5.781971 a b 30.026173 1 0;
-0.775735 0.000000 5.903544 a b 28.417380 1 0;
-0.717971 0.000000 6.010298 a b 23.059285 1 0;
-0.674563 0.000000 6.112268 a b 17.631039 1 0;
-0.643459 0.000000 6.210135 a b 12.448158 1 0;
-0.622610 0.000000 6.304585 a b 7.850924 1 0;
-0.609963 0.000000 6.396301 a b 4.142528 1 0;
-0.603469 0.000000 6.485966 a b 1.552152 1 0;
-0.601077 0.000000 6.574264 a b -0.186095 1 0;
-0.601370 0.000000 6.664443 a b 0.000000 1 0;
-0.601370 0.000000 6.751942 a b 0.000000 1 0;
-0.601370 0.000000 6.839443 a b 0.000037 1 0;
-0.601370 0.000000 6.926942 a b -0.000041 1 0;
-0.601370 0.000000 7.014442 a b 0.000000 1 0;
-0.601370 0.000000 7.101943 a b 0.000037 1 0;
-0.601370 0.000000 7.189443 a b 0.000037 1 0;
-0.601369 0.000000 7.276942 a b -0.125130 1 0;
-0.601565 0.000000 7.366380 a b -0.137763 1 0;
-0.601775 0.000000 7.453863 a b -0.965382 1 0;
-0.603247 0.000000 7.541240 a b -2.625027 1 0;
-0.607244 0.000000 7.628407 a b -5.120406 1 0;
-0.615026 0.000000 7.715259 a b -8.443862 1 0;
-0.627857 0.000000 7.801689 a b -12.560956 1 0;
-0.646997 0.000000 7.887594 a b -17.393550 1 0;
-0.673710 0.000000 7.972868 a b -22.403189 1 0;
-0.709452 0.000000 8.059571 a b -28.250046 1 0;
-0.754488 0.000000 8.143386 a b -32.256801 1 0;
-0.807235 0.000000 8.226964 a b -34.677694 1 0;
-0.865312 0.000000 8.310906 a b -35.702278 1 0;
-0.926332 0.000000 8.395819 a b -35.452317 1 0;
-0.987914 0.000000 8.482306 a b -33.979700 1 0;
-1.047673 0.000000 8.570970 a b -31.278420 1 0;
-1.103225 0.000000 8.662415 a b -27.307795 1 0;
-1.152187 0.000000 8.757244 a b -22.786572 1 0;
-1.193674 0.000000 8.856003 a b -20.801404 1 0;
-1.232802 0.000000 8.959000 a b -21.981095 1 0;
-1.276185 0.000000 9.066479 a b -25.802778 1 0;
-1.330438 0.000000 9.178694 a b -31.472491 1 0;
-1.402177 0.000000 9.295887 a b -38.055448 1 0;
-1.498016 0.000000 9.418311 a b -44.697113 1 0;
-1.624570 0.000000 9.546210 a b -50.807505 1 0;
-1.788455 0.000000 9.679835 a b -56.110921 1 0;
-1.996284 0.000000 9.819433 a b -60.562179 1 0;
-2.254673 0.000000 9.965253 a b -60.562179 1 0;
