1.852390 0.000000 31.724800 a b -123.905329 1 0;
1.810963 0.000000 31.696957 a b -120.280652 1 0;
1.772849 0.000000 31.674702 a b -115.823825 1 0;
1.737908 0.000000 31.657793 a b -110.271770 1 0;
1.706005 0.000000 31.646009 a b -103.385958 1 0;
1.676999 0.000000 31.639107 a b -94.901385 1 0;
1.650753 0.000000 31.636856 a b -84.741033 1 0;
1.627131 0.000000 31.639030 a b -73.252779 1 0;
1.605991 0.000000 31.645391 a b -61.243328 1 0;
1.587198 0.000000 31.655704 a b -49.741589 1 0;
1.570614 0.000000 31.669748 a b -39.619763 1 0;
1.556100 0.000000 31.687281 a b -31.192154 1 0;
1.543518 0.000000 31.708063 a b -24.369689 1 0;
1.532730 0.000000 31.731878 a b -18.945149 1 0;
1.523598 0.000000 31.758482 a b -14.631811 1 0;
1.515984 0.000000 31.787645 a b -11.197722 1 0;
1.509750 0.000000 31.819134 a b -8.453540 1 0;
1.504759 0.000000 31.852718 a b -6.257623 1 0;
1.500872 0.000000 31.888168 a b -4.505568 1 0;
1.497951 0.000000 31.925241 a b -3.115022 1 0;
1.495857 0.000000 31.963709 a b -2.027364 1 0;
1.494454 0.000000 32.003345 a b -1.201400 1 0;
1.493603 0.000000 32.043915 a b -0.607184 1 0;
1.493166 0.000000 32.085175 a b -0.221132 1 0;
1.493005 0.000000 32.126904 a b 0.124519 1 0;
1.493101 0.000000 32.170895 a b -0.023886 1 0;
1.493083 0.000000 32.212933 a b -0.165755 1 0;
1.492961 0.000000 32.255211 a b -0.444900 1 0;
1.492629 0.000000 32.297966 a b -0.852674 1 0;
1.491982 0.000000 32.341427 a b -1.375171 1 0;
1.490916 0.000000 32.385841 a b -1.997266 1 0;
1.489325 0.000000 32.431446 a b -2.702181 1 0;
1.487106 0.000000 32.478474 a b -3.471526 1 0;
1.484152 0.000000 32.527164 a b -4.287893 1 0;
1.480359 0.000000 32.577751 a b -5.132585 1 0;
1.475623 0.000000 32.630482 a b -5.993457 1 0;
1.469838 0.000000 32.685585 a b -6.855234 1 0;
1.462899 0.000000 32.743301 a b -7.708239 1 0;
1.454702 0.000000 32.803864 a b -8.541303 1 0;
1.445141 0.000000 32.867519 a b -9.350301 1 0;
1.434113 0.000000 32.934498 a b -10.129097 1 0;
1.421511 0.000000 33.005035 a b -10.872389 1 0;
1.407232 0.000000 33.079380 a b -11.581003 1 0;
1.391170 0.000000 33.157761 a b -12.252078 1 0;
1.373220 0.000000 33.240417 a b -12.886043 1 0;
1.353278 0.000000 33.327587 a b -13.484568 1 0;
1.331238 0.000000 33.419498 a b -14.044338 1 0;
1.306996 0.000000 33.516407 a b -14.571439 1 0;
1.280448 0.000000 33.618538 a b -15.065239 1 0;
1.251487 0.000000 33.726131 a b -15.527079 1 0;
1.220009 0.000000 33.839428 a b -15.527079 1 0;
