0.039390 0.000000 2.627590 a b 77.773879 1 0;
0.168270 0.000000 2.655516 a b 74.146553 1 0;
0.281549 0.000000 2.687685 a b 69.931702 1 0;
0.380233 0.000000 2.723737 a b 65.057247 1 0;
0.465329 0.000000 2.763314 a b 59.482431 1 0;
0.537842 0.000000 2.806057 a b 53.221096 1 0;
0.598781 0.000000 2.851610 a b 46.378028 1 0;
0.649150 0.000000 2.899613 a b 39.165892 1 0;
0.689957 0.000000 2.949709 a b 31.892710 1 0;
0.722209 0.000000 3.001538 a b 24.904911 1 0;
0.746911 0.000000 3.054743 a b 18.516479 1 0;
0.765071 0.000000 3.108965 a b 12.953839 1 0;
0.777695 0.000000 3.163846 a b 8.344874 1 0;
0.785789 0.000000 3.219029 a b 4.740465 1 0;
0.790361 0.000000 3.274153 a b 2.151302 1 0;
0.792416 0.000000 3.328863 a b 0.579152 1 0;
0.792961 0.000000 3.382798 a b 0.023891 1 0;
0.792983 0.000000 3.435686 a b -0.000068 1 0;
0.792983 0.000000 3.487276 a b 0.000066 1 0;
0.792983 0.000000 3.537787 a b -0.000070 1 0;
0.792983 0.000000 3.587372 a b 0.000138 1 0;
0.792983 0.000000 3.636186 a b 0.000000 1 0;
0.792983 0.000000 3.684383 a b -0.000073 1 0;
0.792983 0.000000 3.732118 a b -0.000074 1 0;
0.792983 0.000000 3.779544 a b 0.000000 1 0;
0.792983 0.000000 3.826817 a b 0.000143 1 0;
0.792983 0.000000 3.874090 a b -0.000074 1 0;
0.792983 0.000000 3.921518 a b -0.000073 1 0;
0.792983 0.000000 3.969254 a b 0.000140 1 0;
0.792983 0.000000 4.017455 a b -0.000071 1 0;
0.792983 0.000000 4.066273 a b -0.000070 1 0;
0.792983 0.000000 4.115862 a b 0.000066 1 0;
0.792983 0.000000 4.166379 a b 0.000065 1 0;
0.792983 0.000000 4.217976 a b -0.187808 1 0;
0.792810 0.000000 4.270892 a b -1.268825 1 0;
0.791596 0.000000 4.325696 a b -3.288339 1 0;
0.788301 0.000000 4.383043 a b -6.049342 1 0;
0.781885 0.000000 4.443587 a b -9.328559 1 0;
0.771307 0.000000 4.507982 a b -12.900213 1 0;
0.755526 0.000000 4.576882 a b -16.561095 1 0;
0.733503 0.000000 4.650941 a b -20.149373 1 0;
0.704197 0.000000 4.730812 a b -23.549850 1 0;
0.666566 0.000000 4.817150 a b -26.694787 1 0;
0.619572 0.000000 4.910609 a b -29.553256 1 0;
0.562173 0.000000 5.011842 a b -32.120147 1 0;
0.493329 0.000000 5.121503 a b -34.407710 1 0;
0.411999 0.000000 5.240248 a b -36.438032 1 0;
0.317143 0.000000 5.368729 a b -38.236073 1 0;
0.207720 0.000000 5.507600 a b -39.828062 1 0;
0.082691 0.000000 5.657516 a b -41.239053 1 0;
-0.058986 0.000000 5.819130 a b -41.239053 1 0;
