-3.044627 0.000000 11.103769 a b 36.629290 1 0;
-3.024357 0.000000 11.131034 a b 34.883212 1 0;
-3.004946 0.000000 11.158876 a b 33.094781 1 0;
-2.986426 0.000000 11.187291 a b 31.281205 1 0;
-2.968830 0.000000 11.216253 a b 29.435104 1 0;
-2.952188 0.000000 11.245745 a b 27.548485 1 0;
-2.936535 0.000000 11.275752 a b 25.632501 1 0;
-2.921900 0.000000 11.306253 a b 23.674048 1 0;
-2.908317 0.000000 11.337235 a b 21.685568 1 0;
-2.895815 0.000000 11.368673 a b 19.651760 1 0;
-2.884429 0.000000 11.400558 a b 17.585039 1 0;
-2.874190 0.000000 11.432866 a b 15.480815 1 0;
-2.865129 0.000000 11.465582 a b 13.339417 1 0;
-2.857279 0.000000 11.498689 a b 11.165251 1 0;
-2.850670 0.000000 11.532169 a b 8.959666 1 0;
-2.845336 0.000000 11.566002 a b 6.721989 1 0;
-2.841309 0.000000 11.600172 a b 4.458423 1 0;
-2.838619 0.000000 11.634664 a b 2.170420 1 0;
-2.837301 0.000000 11.669458 a b -0.134361 1 0;
-2.837383 0.000000 11.704535 a b -2.456293 1 0;
-2.838899 0.000000 11.739878 a b -4.789685 1 0;
-2.841882 0.000000 11.775474 a b -7.128397 1 0;
-2.846362 0.000000 11.811299 a b -9.466626 1 0;
-2.852371 0.000000 11.847339 a b -11.801347 1 0;
-2.859942 0.000000 11.883574 a b -14.126239 1 0;
-2.869107 0.000000 11.919990 a b -16.435532 1 0;
-2.879897 0.000000 11.956566 a b -18.726089 1 0;
-2.892344 0.000000 11.993284 a b -20.988880 1 0;
-2.906480 0.000000 12.030131 a b -23.224329 1 0;
-2.922337 0.000000 12.067086 a b -25.425589 1 0;
-2.939948 0.000000 12.104131 a b -27.587365 1 0;
-2.959342 0.000000 12.141250 a b -29.709018 1 0;
-2.980555 0.000000 12.178425 a b -31.788264 1 0;
-3.003615 0.000000 12.215634 a b -33.816628 1 0;
-3.028556 0.000000 12.252868 a b -35.798630 1 0;
-3.055410 0.000000 12.290103 a b -37.728883 1 0;
-3.084208 0.000000 12.327325 a b -39.609255 1 0;
-3.114982 0.000000 12.364512 a b -41.434858 1 0;
-3.147765 0.000000 12.401651 a b -43.209558 1 0;
-3.182588 0.000000 12.438722 a b -44.929741 1 0;
-3.219483 0.000000 12.475707 a b -46.596914 1 0;
-3.258482 0.000000 12.512590 a b -48.212815 1 0;
-3.299616 0.000000 12.549353 a b -49.777067 1 0;
-3.342919 0.000000 12.585976 a b -51.287659 1 0;
-3.388421 0.000000 12.622446 a b -52.752037 1 0;
-3.436155 0.000000 12.658741 a b -54.166101 1 0;
-3.486152 0.000000 12.694845 a b -55.532431 1 0;
-3.538445 0.000000 12.730742 a b -56.852964 1 0;
-3.593065 0.000000 12.766412 a b -58.129309 1 0;
-3.650044 0.000000 12.801838 a b -59.361294 1 0;
-3.709415 0.000000 12.837004 a b -59.361294 1 0;
