0.677210 0.000000 15.357700 a b 87.670939 1 0;
0.816725 0.000000 15.363375 a b 84.127208 1 0;
0.939350 0.000000 15.375988 a b 79.909431 1 0;
1.046177 0.000000 15.394999 a b 74.882503 1 0;
1.138294 0.000000 15.419884 a b 68.941052 1 0;
1.216790 0.000000 15.450109 a b 62.029588 1 0;
1.282757 0.000000 15.485140 a b 54.213370 1 0;
1.337282 0.000000 15.524446 a b 45.737352 1 0;
1.381457 0.000000 15.567497 a b 37.042623 1 0;
1.416369 0.000000 15.613756 a b 28.651843 1 0;
1.443110 0.000000 15.662697 a b 21.046755 1 0;
1.462768 0.000000 15.713783 a b 14.536329 1 0;
1.476434 0.000000 15.766486 a b 9.252933 1 0;
1.485196 0.000000 15.820272 a b 5.203756 1 0;
1.490144 0.000000 15.874605 a b 2.343794 1 0;
1.492369 0.000000 15.928962 a b 0.628054 1 0;
1.492959 0.000000 15.982802 a b 0.044773 1 0;
1.493001 0.000000 16.036041 a b -0.000134 1 0;
1.493001 0.000000 16.087629 a b 0.000000 1 0;
1.493001 0.000000 16.138142 a b 0.000000 1 0;
1.493001 0.000000 16.187725 a b 0.000000 1 0;
1.493001 0.000000 16.236540 a b 0.000140 1 0;
1.493001 0.000000 16.284739 a b -0.000145 1 0;
1.493001 0.000000 16.332474 a b -0.000146 1 0;
1.493001 0.000000 16.379898 a b 0.000000 1 0;
1.493001 0.000000 16.427170 a b 0.000287 1 0;
1.493001 0.000000 16.474445 a b -0.000290 1 0;
1.493001 0.000000 16.521872 a b 0.000142 1 0;
1.493001 0.000000 16.569609 a b 0.000140 1 0;
1.493001 0.000000 16.617809 a b 0.000000 1 0;
1.493001 0.000000 16.666628 a b -0.000139 1 0;
1.493001 0.000000 16.716215 a b 0.000000 1 0;
1.493001 0.000000 16.766735 a b 0.000131 1 0;
1.493001 0.000000 16.818331 a b -0.091885 1 0;
1.492916 0.000000 16.871109 a b -0.629632 1 0;
1.492324 0.000000 16.924967 a b -1.680523 1 0;
1.490718 0.000000 16.979738 a b -3.225407 1 0;
1.487588 0.000000 17.035265 a b -5.251105 1 0;
1.482430 0.000000 17.091394 a b -7.747741 1 0;
1.474734 0.000000 17.147959 a b -10.699495 1 0;
1.463994 0.000000 17.204803 a b -14.086006 1 0;
1.449701 0.000000 17.261763 a b -17.868514 1 0;
1.431350 0.000000 17.318687 a b -21.999349 1 0;
1.408431 0.000000 17.375414 a b -26.410030 1 0;
1.380439 0.000000 17.431780 a b -31.014417 1 0;
1.346864 0.000000 17.487625 a b -35.710285 1 0;
1.307202 0.000000 17.542801 a b -40.411608 1 0;
1.260942 0.000000 17.597134 a b -45.013125 1 0;
1.207578 0.000000 17.650473 a b -49.442555 1 0;
1.146604 0.000000 17.702656 a b -53.638223 1 0;
1.077510 0.000000 17.753525 a b -53.638223 1 0;
