1.766810 0.000000 29.023300 a b 45.083935 1 0;
1.974782 0.000000 29.230663 a b 31.553599 1 0;
2.100929 0.000000 29.436085 a b 17.907959 1 0;
2.165707 0.000000 29.636547 a b 7.067918 1 0;
2.189573 0.000000 29.829031 a b 2.428399 1 0;
2.207117 0.000000 30.242718 a b 0.000000 1 0;
2.207117 0.000000 30.411182 a b -0.000088 1 0;
2.207116 0.000000 30.568453 a b 0.000000 1 0;
2.207116 0.000000 30.717318 a b 0.000000 1 0;
2.207116 0.000000 30.860584 a b 0.000000 1 0;
2.207116 0.000000 31.001049 a b -0.000099 1 0;
2.207116 0.000000 31.141047 a b 0.000194 1 0;
2.207117 0.000000 31.281054 a b -0.000099 1 0;
2.207116 0.000000 31.421047 a b 0.000096 1 0;
2.207117 0.000000 31.561049 a b 0.930083 1 0;
2.210040 0.000000 31.741142 a b 0.000000 1 0;
2.210040 0.000000 31.881142 a b 0.000096 1 0;
2.210041 0.000000 32.021141 a b 0.000000 1 0;
2.210041 0.000000 32.161140 a b -0.000099 1 0;
2.210040 0.000000 32.301144 a b 0.925463 1 0;
2.212965 0.000000 32.482166 a b -0.000099 1 0;
2.212964 0.000000 32.622166 a b 0.000096 1 0;
2.212965 0.000000 32.762169 a b 0.000096 1 0;
2.212965 0.000000 32.902168 a b 0.000000 1 0;
2.212965 0.000000 33.042171 a b 0.920504 1 0;
2.215888 0.000000 33.224125 a b -0.381990 1 0;
2.214955 0.000000 33.364128 a b -2.671971 1 0;
2.208421 0.000000 33.504124 a b -7.218958 1 0;
2.190688 0.000000 33.644123 a b -13.856021 1 0;
2.156155 0.000000 33.784126 a b -16.452298 1 0;
2.102146 0.000000 33.967018 a b -30.682047 1 0;
2.019079 0.000000 34.107018 a b -36.991320 1 0;
1.913613 0.000000 34.247021 a b -41.132664 1 0;
1.791346 0.000000 34.387016 a b -43.630727 1 0;
1.657880 0.000000 34.527020 a b -44.809265 1 0;
1.518813 0.000000 34.667015 a b -44.999295 1 0;
1.378813 0.000000 34.807018 a b -45.000880 1 0;
1.238814 0.000000 34.947014 a b -44.999344 1 0;
1.098814 0.000000 35.087017 a b -45.000063 1 0;
0.958814 0.000000 35.227016 a b -45.000100 1 0;
0.818814 0.000000 35.367016 a b -45.000355 1 0;
0.678347 0.000000 35.507481 a b -44.999585 1 0;
0.535081 0.000000 35.650749 a b -45.000335 1 0;
0.386214 0.000000 35.799614 a b -44.999611 1 0;
0.228948 0.000000 35.956882 a b -45.000294 1 0;
0.060482 0.000000 36.125347 a b -45.096654 1 0;
-0.127725 0.000000 36.312920 a b -45.539834 1 0;
-0.367172 0.000000 36.547897 a b -46.079337 1 0;
-0.695104 0.000000 36.863701 a b -46.530504 1 0;
-1.148762 0.000000 37.293747 a b -46.867024 1 0;
-1.765387 0.000000 37.871441 a b -46.867024 1 0;
