0.365900 0.000000 11.614100 a b -74.119988 1 0;
0.199510 0.000000 11.661435 a b -71.395495 1 0;
0.053262 0.000000 11.710666 a b -68.218387 1 0;
-0.074143 0.000000 11.761577 a b -64.503988 1 0;
-0.184004 0.000000 11.813969 a b -60.177119 1 0;
-0.277622 0.000000 11.867634 a b -55.175147 1 0;
-0.356296 0.000000 11.922364 a b -49.475654 1 0;
-0.421325 0.000000 11.977952 a b -43.129066 1 0;
-0.474009 0.000000 12.034194 a b -36.299442 1 0;
-0.515647 0.000000 12.090878 a b -29.258769 1 0;
-0.547539 0.000000 12.147805 a b -22.373954 1 0;
-0.570984 0.000000 12.204761 a b -16.014688 1 0;
-0.587282 0.000000 12.261543 a b -10.496541 1 0;
-0.597732 0.000000 12.317946 a b -6.036297 1 0;
-0.603634 0.000000 12.373758 a b -2.760709 1 0;
-0.606287 0.000000 12.428779 a b -0.746617 1 0;
-0.606991 0.000000 12.482796 a b -0.013112 1 0;
-0.607003 0.000000 12.535936 a b 0.136430 1 0;
-0.606880 0.000000 12.587526 a b 0.525182 1 0;
-0.606417 0.000000 12.638038 a b 1.190344 1 0;
-0.605387 0.000000 12.687621 a b 2.139746 1 0;
-0.603563 0.000000 12.736437 a b 3.377745 1 0;
-0.600718 0.000000 12.784634 a b 4.899935 1 0;
-0.596626 0.000000 12.832368 a b 6.694455 1 0;
-0.591060 0.000000 12.879793 a b 8.739918 1 0;
-0.583792 0.000000 12.927067 a b 11.007306 1 0;
-0.574597 0.000000 12.974341 a b 13.459218 1 0;
-0.563246 0.000000 13.021768 a b 16.048532 1 0;
-0.549514 0.000000 13.069504 a b 18.726579 1 0;
-0.533174 0.000000 13.117705 a b 21.444800 1 0;
-0.513999 0.000000 13.166523 a b 24.153157 1 0;
-0.491761 0.000000 13.216112 a b 26.807472 1 0;
-0.466235 0.000000 13.266629 a b 29.373689 1 0;
-0.437193 0.000000 13.318226 a b 31.764296 1 0;
-0.404443 0.000000 13.371119 a b 33.744539 1 0;
-0.367932 0.000000 13.425774 a b 35.286853 1 0;
-0.327640 0.000000 13.482707 a b 36.429344 1 0;
-0.283550 0.000000 13.542446 a b 37.220197 1 0;
-0.235641 0.000000 13.605517 a b 37.712042 1 0;
-0.183895 0.000000 13.672440 a b 37.948645 1 0;
-0.128293 0.000000 13.743738 a b 37.974040 1 0;
-0.068817 0.000000 13.819936 a b 37.825247 1 0;
-0.005447 0.000000 13.901558 a b 37.535887 1 0;
0.061836 0.000000 13.989129 a b 37.135872 1 0;
0.133051 0.000000 14.083169 a b 36.647581 1 0;
0.208216 0.000000 14.184203 a b 36.091292 1 0;
0.287350 0.000000 14.292758 a b 35.485844 1 0;
0.370472 0.000000 14.409352 a b 34.843901 1 0;
0.457602 0.000000 14.534511 a b 34.176751 1 0;
0.548758 0.000000 14.668759 a b 33.494984 1 0;
0.643958 0.000000 14.812619 a b 33.494984 1 0;
