-4.384120 0.000000 13.050800 a b 161.028042 1 0;
-4.321198 0.000000 12.867769 a b 162.434129 1 0;
-4.268319 0.000000 12.700730 a b 163.981703 1 0;
-4.224611 0.000000 12.548485 a b 165.672479 1 0;
-4.189201 0.000000 12.409844 a b 167.499910 1 0;
-4.161215 0.000000 12.283608 a b 169.444317 1 0;
-4.139780 0.000000 12.168578 a b 171.465979 1 0;
-4.124022 0.000000 12.063565 a b 173.503661 1 0;
-4.113067 0.000000 11.967365 a b 175.466121 1 0;
-4.106043 0.000000 11.878789 a b 177.235533 1 0;
-4.102077 0.000000 11.796638 a b 178.672215 1 0;
-4.100294 0.000000 11.719717 a b 179.627805 1 0;
-4.099820 0.000000 11.646828 a b -179.788752 1 0;
-4.100075 0.000000 11.577636 a b 179.835736 1 0;
-4.099881 0.000000 11.509777 a b 179.364329 1 0;
-4.099150 0.000000 11.443892 a b 178.545051 1 0;
-4.097522 0.000000 11.379799 a b 177.358644 1 0;
-4.094639 0.000000 11.317317 a b 175.789159 1 0;
-4.090145 0.000000 11.256269 a b 173.827715 1 0;
-4.083678 0.000000 11.196476 a b 171.480476 1 0;
-4.074883 0.000000 11.137759 a b 168.766778 1 0;
-4.063398 0.000000 11.079936 a b 165.724453 1 0;
-4.048869 0.000000 11.022832 a b 162.408626 1 0;
-4.030934 0.000000 10.966265 a b 158.892335 1 0;
-4.009235 0.000000 10.910054 a b 155.087156 1 0;
-3.983940 0.000000 10.855593 a b 151.628709 1 0;
-3.953730 0.000000 10.799653 a b 148.164064 1 0;
-3.919219 0.000000 10.744071 a b 144.849042 1 0;
-3.880587 0.000000 10.689206 a b 141.638370 1 0;
-3.838012 0.000000 10.635416 a b 138.489338 1 0;
-3.791674 0.000000 10.583060 a b 135.366222 1 0;
-3.741752 0.000000 10.532495 a b 132.235160 1 0;
-3.688425 0.000000 10.484082 a b 129.066468 1 0;
-3.631872 0.000000 10.438178 a b 125.835017 1 0;
-3.572274 0.000000 10.395139 a b 122.510937 1 0;
-3.509808 0.000000 10.355327 a b 119.075197 1 0;
-3.444654 0.000000 10.319099 a b 115.508938 1 0;
-3.376991 0.000000 10.286813 a b 111.734985 1 0;
-3.307037 0.000000 10.258925 a b 108.375160 1 0;
-3.234768 0.000000 10.234920 a b 105.632743 1 0;
-3.160177 0.000000 10.214047 a b 103.609580 1 0;
-3.083210 0.000000 10.195414 a b 102.288629 1 0;
-3.003813 0.000000 10.178119 a b 101.630527 1 0;
-2.921932 0.000000 10.161265 a b 101.584626 1 0;
-2.837512 0.000000 10.143960 a b 102.102905 1 0;
-2.750498 0.000000 10.125301 a b 103.125213 1 0;
-2.660837 0.000000 10.104395 a b 104.596452 1 0;
-2.568474 0.000000 10.080342 a b 106.455569 1 0;
-2.473355 0.000000 10.052247 a b 108.641635 1 0;
-2.375426 0.000000 10.019211 a b 111.089776 1 0;
-2.274631 0.000000 9.980338 a b 111.089776 1 0;
