-0.011240 0.000000 4.910470 a b 91.395168 1 0;
0.126299 0.000000 4.907120 a b 87.783617 1 0;
0.247189 0.000000 4.911799 a b 83.444371 1 0;
0.352503 0.000000 4.923902 a b 78.227574 1 0;
0.443315 0.000000 4.942828 a b 71.998343 1 0;
0.520701 0.000000 4.967974 a b 64.682836 1 0;
0.585733 0.000000 4.998739 a b 56.352089 1 0;
0.639487 0.000000 5.034517 a b 47.294831 1 0;
0.683036 0.000000 5.074710 a b 38.032116 1 0;
0.717454 0.000000 5.118713 a b 29.178986 1 0;
0.743816 0.000000 5.165923 a b 21.257908 1 0;
0.763196 0.000000 5.215738 a b 14.573432 1 0;
0.776668 0.000000 5.267556 a b 9.219544 1 0;
0.785306 0.000000 5.320775 a b 5.160780 1 0;
0.790185 0.000000 5.374789 a b 2.316785 1 0;
0.792378 0.000000 5.429001 a b 0.619545 1 0;
0.792960 0.000000 5.482804 a b 0.023929 1 0;
0.792982 0.000000 5.535749 a b -0.000068 1 0;
0.792982 0.000000 5.587339 a b 0.000066 1 0;
0.792982 0.000000 5.637851 a b -0.000139 1 0;
0.792982 0.000000 5.687435 a b 0.000138 1 0;
0.792982 0.000000 5.736250 a b 0.000000 1 0;
0.792982 0.000000 5.784447 a b 0.000000 1 0;
0.792982 0.000000 5.832181 a b -0.000146 1 0;
0.792982 0.000000 5.879607 a b 0.000000 1 0;
0.792982 0.000000 5.926880 a b 0.000143 1 0;
0.792982 0.000000 5.974154 a b -0.000074 1 0;
0.792982 0.000000 6.021581 a b 0.000000 1 0;
0.792982 0.000000 6.069318 a b 0.000069 1 0;
0.792982 0.000000 6.117518 a b -0.000071 1 0;
0.792982 0.000000 6.166336 a b 0.000000 1 0;
0.792982 0.000000 6.215926 a b 0.000000 1 0;
0.792982 0.000000 6.266443 a b 0.000065 1 0;
0.792982 0.000000 6.318040 a b -0.198392 1 0;
0.792799 0.000000 6.370749 a b -1.371267 1 0;
0.791522 0.000000 6.424107 a b -3.713386 1 0;
0.788055 0.000000 6.477528 a b -7.273394 1 0;
0.781303 0.000000 6.530427 a b -12.129294 1 0;
0.770172 0.000000 6.582219 a b -18.338348 1 0;
0.753567 0.000000 6.632316 a b -25.856377 1 0;
0.730393 0.000000 6.680134 a b -34.451583 1 0;
0.699555 0.000000 6.725085 a b -43.654737 1 0;
0.659958 0.000000 6.766587 a b -52.851481 1 0;
0.610507 0.000000 6.804052 a b -61.465160 1 0;
0.550108 0.000000 6.836894 a b -69.120989 1 0;
0.477665 0.000000 6.864526 a b -75.683456 1 0;
0.392084 0.000000 6.886367 a b -81.196040 1 0;
0.292271 0.000000 6.901826 a b -85.781222 1 0;
0.177129 0.000000 6.910319 a b -89.589673 1 0;
0.045565 0.000000 6.911262 a b -92.763062 1 0;
-0.103517 0.000000 6.904067 a b -92.763062 1 0;
