-0.163995 0.000000 4.616531 a b -32.947403 1 0;
-0.188803 0.000000 4.654808 a b -30.026306 1 0;
-0.211017 0.000000 4.693243 a b -27.099585 1 0;
-0.230770 0.000000 4.731844 a b -24.197996 1 0;
-0.248194 0.000000 4.770619 a b -21.352615 1 0;
-0.263422 0.000000 4.809571 a b -18.589785 1 0;
-0.276586 0.000000 4.848711 a b -15.938431 1 0;
-0.287819 0.000000 4.888045 a b -13.421803 1 0;
-0.297253 0.000000 4.927579 a b -11.059928 1 0;
-0.305021 0.000000 4.967318 a b -8.867957 1 0;
-0.311255 0.000000 5.007272 a b -6.858371 1 0;
-0.316087 0.000000 5.047447 a b -5.039643 1 0;
-0.319650 0.000000 5.087848 a b -3.416795 1 0;
-0.322076 0.000000 5.128485 a b -1.992200 1 0;
-0.323498 0.000000 5.169363 a b -0.766251 1 0;
-0.324048 0.000000 5.210489 a b 0.262233 1 0;
-0.323859 0.000000 5.251870 a b 1.095446 1 0;
-0.323062 0.000000 5.293513 a b 1.736792 1 0;
-0.321791 0.000000 5.335425 a b 2.189691 1 0;
-0.320178 0.000000 5.377612 a b 2.457544 1 0;
-0.318356 0.000000 5.420081 a b 2.544050 1 0;
-0.316456 0.000000 5.462842 a b 2.453255 1 0;
-0.314611 0.000000 5.505898 a b 2.188766 1 0;
-0.312954 0.000000 5.549255 a b 1.753812 1 0;
-0.311617 0.000000 5.592923 a b 1.151993 1 0;
-0.310732 0.000000 5.636909 a b 0.387368 1 0;
-0.310433 0.000000 5.681218 a b -0.536168 1 0;
-0.310851 0.000000 5.725857 a b -1.614311 1 0;
-0.312118 0.000000 5.770835 a b -2.841856 1 0;
-0.314368 0.000000 5.816156 a b -4.213148 1 0;
-0.317732 0.000000 5.861828 a b -5.721070 1 0;
-0.322344 0.000000 5.907859 a b -7.357943 1 0;
-0.328335 0.000000 5.954255 a b -9.114715 1 0;
-0.335838 0.000000 6.001021 a b -10.980302 1 0;
-0.344986 0.000000 6.048167 a b -12.943779 1 0;
-0.355910 0.000000 6.095698 a b -14.991400 1 0;
-0.368744 0.000000 6.143623 a b -17.110230 1 0;
-0.383619 0.000000 6.191945 a b -19.283936 1 0;
-0.400668 0.000000 6.240674 a b -21.498467 1 0;
-0.420024 0.000000 6.289816 a b -23.737877 1 0;
-0.441819 0.000000 6.339378 a b -25.986442 1 0;
-0.466186 0.000000 6.389367 a b -28.229979 1 0;
-0.493256 0.000000 6.439789 a b -30.455422 1 0;
-0.523163 0.000000 6.490651 a b -32.648382 1 0;
-0.556038 0.000000 6.541962 a b -34.799751 1 0;
-0.592015 0.000000 6.593726 a b -36.898933 1 0;
-0.631225 0.000000 6.645951 a b -38.938515 1 0;
-0.673801 0.000000 6.698644 a b -40.911906 1 0;
-0.719876 0.000000 6.751812 a b -42.814850 1 0;
-0.769582 0.000000 6.805461 a b -44.643731 1 0;
-0.823051 0.000000 6.859599 a b -44.643731 1 0;
