-0.004380 0.000000 4.771920 a b -78.157461 1 0;
-0.137751 0.000000 4.799886 a b -71.856960 1 0;
-0.249832 0.000000 4.836613 a b -64.328270 1 0;
-0.342474 0.000000 4.881143 a b -55.606244 1 0;
-0.417529 0.000000 4.932522 a b -46.007026 1 0;
-0.476848 0.000000 4.989791 a b -36.145017 1 0;
-0.522282 0.000000 5.051994 a b -26.779066 1 0;
-0.555683 0.000000 5.118176 a b -18.547215 1 0;
-0.578901 0.000000 5.187379 a b -11.799303 1 0;
-0.593789 0.000000 5.258646 a b -6.626438 1 0;
-0.602197 0.000000 5.331022 a b -2.983341 1 0;
-0.605977 0.000000 5.403549 a b -0.800946 1 0;
-0.606979 0.000000 5.475270 a b -0.031777 1 0;
-0.607018 0.000000 5.545560 a b 0.000099 1 0;
-0.607018 0.000000 5.613417 a b -0.000053 1 0;
-0.607018 0.000000 5.679303 a b 0.000000 1 0;
-0.607018 0.000000 5.743397 a b 0.000053 1 0;
-0.607018 0.000000 5.805878 a b 0.000000 1 0;
-0.607018 0.000000 5.866925 a b -0.000059 1 0;
-0.607018 0.000000 5.926718 a b 0.000000 1 0;
-0.607018 0.000000 5.985436 a b 0.000058 1 0;
-0.607018 0.000000 6.043258 a b -0.000061 1 0;
-0.607018 0.000000 6.100363 a b 0.000000 1 0;
-0.607018 0.000000 6.156931 a b 0.000059 1 0;
-0.607018 0.000000 6.213140 a b -0.078608 1 0;
-0.607096 0.000000 6.269793 a b 0.091669 1 0;
-0.607006 0.000000 6.325823 a b 0.639202 1 0;
-0.606379 0.000000 6.382031 a b 1.723879 1 0;
-0.604677 0.000000 6.438599 a b 3.322519 1 0;
-0.601362 0.000000 6.495704 a b 5.399775 1 0;
-0.595896 0.000000 6.553526 a b 7.905551 1 0;
-0.587742 0.000000 6.612244 a b 10.775171 1 0;
-0.576363 0.000000 6.672037 a b 13.930681 1 0;
-0.561221 0.000000 6.733084 a b 17.285380 1 0;
-0.541778 0.000000 6.795565 a b 20.748961 1 0;
-0.517496 0.000000 6.859659 a b 24.234089 1 0;
-0.487839 0.000000 6.925545 a b 27.663984 1 0;
-0.452267 0.000000 6.993402 a b 30.914768 1 0;
-0.410299 0.000000 7.063485 a b 33.297236 1 0;
-0.362519 0.000000 7.136230 a b 34.193084 1 0;
-0.310621 0.000000 7.212615 a b 33.840505 1 0;
-0.256342 0.000000 7.293573 a b 32.426089 1 0;
-0.201415 0.000000 7.380036 a b 30.092944 1 0;
-0.147577 0.000000 7.472939 a b 26.964879 1 0;
-0.096562 0.000000 7.573214 a b 23.164092 1 0;
-0.050105 0.000000 7.681794 a b 18.823836 1 0;
-0.009941 0.000000 7.799613 a b 14.094094 1 0;
0.022194 0.000000 7.927603 a b 9.136803 1 0;
0.044565 0.000000 8.066699 a b 4.114715 1 0;
0.055437 0.000000 8.217832 a b -0.824496 1 0;
0.053076 0.000000 8.381935 a b -0.824496 1 0;
