1.144820 0.000000 19.746099 a b 62.866848 1 0;
1.265635 0.000000 19.808012 a b 61.512252 1 0;
1.376791 0.000000 19.868334 a b 60.014741 1 0;
1.478689 0.000000 19.927130 a b 58.356272 1 0;
1.571733 0.000000 19.984468 a b 56.522914 1 0;
1.656323 0.000000 20.040409 a b 54.488777 1 0;
1.732864 0.000000 20.095028 a b 52.244237 1 0;
1.801758 0.000000 20.148382 a b 49.765722 1 0;
1.863406 0.000000 20.200542 a b 47.042758 1 0;
1.918212 0.000000 20.251574 a b 44.063356 1 0;
1.966579 0.000000 20.301548 a b 40.834719 1 0;
2.008908 0.000000 20.350527 a b 37.370639 1 0;
2.045602 0.000000 20.398571 a b 33.692939 1 0;
2.077064 0.000000 20.445759 a b 29.860024 1 0;
2.103695 0.000000 20.492147 a b 25.933585 1 0;
2.125900 0.000000 20.537807 a b 21.999200 1 0;
2.144079 0.000000 20.582804 a b 18.152691 1 0;
2.158636 0.000000 20.627203 a b 14.489889 1 0;
2.169973 0.000000 20.671072 a b 11.105030 1 0;
2.178492 0.000000 20.714476 a b 8.078377 1 0;
2.184597 0.000000 20.757483 a b 5.477732 1 0;
2.188689 0.000000 20.800156 a b 3.349447 1 0;
2.191171 0.000000 20.842567 a b 1.729285 1 0;
2.192445 0.000000 20.884777 a b 0.639579 1 0;
2.192915 0.000000 20.926851 a b 0.185605 1 0;
2.193055 0.000000 20.970127 a b -0.089416 1 0;
2.192990 0.000000 21.012140 a b -0.627075 1 0;
2.192529 0.000000 21.054226 a b -1.694989 1 0;
2.191279 0.000000 21.096460 a b -3.282155 1 0;
2.188845 0.000000 21.138912 a b -5.363667 1 0;
2.184831 0.000000 21.181658 a b -7.904747 1 0;
2.178845 0.000000 21.224775 a b -10.859423 1 0;
2.170489 0.000000 21.268332 a b -14.158700 1 0;
2.159371 0.000000 21.312405 a b -17.728068 1 0;
2.145094 0.000000 21.357063 a b -21.472874 1 0;
2.127265 0.000000 21.402388 a b -25.305607 1 0;
2.105489 0.000000 21.448444 a b -29.131516 1 0;
2.079370 0.000000 21.495310 a b -32.870997 1 0;
2.048514 0.000000 21.543058 a b -36.459354 1 0;
2.012527 0.000000 21.591764 a b -39.852010 1 0;
1.971014 0.000000 21.641499 a b -43.017518 1 0;
1.923579 0.000000 21.692335 a b -45.938808 1 0;
1.869828 0.000000 21.744352 a b -48.620728 1 0;
1.809368 0.000000 21.797617 a b -51.063547 1 0;
1.741801 0.000000 21.852207 a b -53.283520 1 0;
1.666735 0.000000 21.908194 a b -55.294520 1 0;
1.583773 0.000000 21.965651 a b -57.113661 1 0;
1.492522 0.000000 22.024652 a b -58.758727 1 0;
1.392587 0.000000 22.085274 a b -60.248239 1 0;
1.283573 0.000000 22.147585 a b -61.595796 1 0;
1.165085 0.000000 22.211662 a b -61.595796 1 0;
