-0.039990 0.000000 5.171310 a b -53.500416 1 0;
-0.136964 0.000000 5.243066 a b -50.327816 1 0;
-0.222199 0.000000 5.313759 a b -46.848292 1 0;
-0.296452 0.000000 5.383370 a b -43.060920 1 0;
-0.360481 0.000000 5.451886 a b -38.989072 1 0;
-0.415042 0.000000 5.519290 a b -34.676819 1 0;
-0.460894 0.000000 5.585567 a b -30.194615 1 0;
-0.498794 0.000000 5.650699 a b -25.639037 1 0;
-0.529499 0.000000 5.714673 a b -21.128644 1 0;
-0.553766 0.000000 5.777469 a b -16.788905 1 0;
-0.572353 0.000000 5.839075 a b -12.747727 1 0;
-0.586017 0.000000 5.899473 a b -9.119159 1 0;
-0.595516 0.000000 5.958648 a b -6.001208 1 0;
-0.601606 0.000000 6.016583 a b -3.472821 1 0;
-0.605046 0.000000 6.073262 a b -1.598566 1 0;
-0.606592 0.000000 6.128671 a b -0.434259 1 0;
-0.607002 0.000000 6.182791 a b -0.013219 1 0;
-0.607014 0.000000 6.235757 a b 0.136497 1 0;
-0.606892 0.000000 6.287346 a b 0.525182 1 0;
-0.606429 0.000000 6.337858 a b 1.190241 1 0;
-0.605398 0.000000 6.387443 a b 2.139878 1 0;
-0.603574 0.000000 6.436257 a b 3.377711 1 0;
-0.600730 0.000000 6.484454 a b 4.899886 1 0;
-0.596637 0.000000 6.532189 a b 6.694389 1 0;
-0.591071 0.000000 6.579615 a b 8.740092 1 0;
-0.583803 0.000000 6.626887 a b 11.007453 1 0;
-0.574608 0.000000 6.674161 a b 13.458957 1 0;
-0.563258 0.000000 6.721588 a b 16.048228 1 0;
-0.549526 0.000000 6.769325 a b 18.727160 1 0;
-0.533185 0.000000 6.817525 a b 21.444359 1 0;
-0.514010 0.000000 6.866344 a b 24.153157 1 0;
-0.491772 0.000000 6.915933 a b 26.807499 1 0;
-0.466246 0.000000 6.966450 a b 29.373689 1 0;
-0.437204 0.000000 7.018047 a b 31.668866 1 0;
-0.404567 0.000000 7.070955 a b 33.121358 1 0;
-0.368846 0.000000 7.125706 a b 33.698505 1 0;
-0.330700 0.000000 7.182907 a b 33.518300 1 0;
-0.290788 0.000000 7.243166 a b 32.687519 1 0;
-0.249767 0.000000 7.307094 a b 31.302171 1 0;
-0.208296 0.000000 7.375295 a b 29.447986 1 0;
-0.167035 0.000000 7.448379 a b 27.207366 1 0;
-0.126641 0.000000 7.526951 a b 24.656647 1 0;
-0.087774 0.000000 7.611624 a b 21.872326 1 0;
-0.051091 0.000000 7.703002 a b 18.925613 1 0;
-0.017252 0.000000 7.801694 a b 15.883842 1 0;
0.013085 0.000000 7.908307 a b 12.807665 1 0;
0.039261 0.000000 8.023452 a b 9.750822 1 0;
0.060619 0.000000 8.147733 a b 6.756872 1 0;
0.076498 0.000000 8.281759 a b 3.860565 1 0;
0.086241 0.000000 8.426139 a b 1.087198 1 0;
0.089189 0.000000 8.581480 a b 1.087198 1 0;
