0.627060 0.000000 14.605700 a b -80.937791 1 0;
0.535721 0.000000 14.620268 a b -75.723398 1 0;
0.455439 0.000000 14.640697 a b -69.735538 1 0;
0.385501 0.000000 14.666518 a b -62.979253 1 0;
0.325193 0.000000 14.697274 a b -55.569217 1 0;
0.273802 0.000000 14.732503 a b -47.744751 1 0;
0.230614 0.000000 14.771739 a b -39.841778 1 0;
0.194917 0.000000 14.814521 a b -32.232626 1 0;
0.165997 0.000000 14.860388 a b -25.240424 1 0;
0.143140 0.000000 14.908873 a b -19.068830 1 0;
0.125633 0.000000 14.959518 a b -13.814966 1 0;
0.112763 0.000000 15.011857 a b -9.480733 1 0;
0.103816 0.000000 15.065431 a b -6.025688 1 0;
0.098080 0.000000 15.119776 a b -3.392805 1 0;
0.094840 0.000000 15.174424 a b -1.530804 1 0;
0.093383 0.000000 15.228923 a b -0.410902 1 0;
0.092997 0.000000 15.282802 a b 0.007867 1 0;
0.093004 0.000000 15.336020 a b 0.136443 1 0;
0.093127 0.000000 15.387609 a b 0.525273 1 0;
0.093590 0.000000 15.438121 a b 1.190172 1 0;
0.094620 0.000000 15.487704 a b 2.139859 1 0;
0.096444 0.000000 15.536520 a b 3.377731 1 0;
0.099289 0.000000 15.584718 a b 4.899962 1 0;
0.103381 0.000000 15.632451 a b 6.694518 1 0;
0.108948 0.000000 15.679875 a b 8.739762 1 0;
0.116215 0.000000 15.727150 a b 11.007584 1 0;
0.125411 0.000000 15.774424 a b 13.458906 1 0;
0.136761 0.000000 15.821851 a b 16.048211 1 0;
0.150493 0.000000 15.869588 a b 18.726595 1 0;
0.166833 0.000000 15.917789 a b 21.445196 1 0;
0.186009 0.000000 15.966606 a b 24.153129 1 0;
0.208246 0.000000 16.016195 a b 26.807090 1 0;
0.233773 0.000000 16.066713 a b 29.373223 1 0;
0.262814 0.000000 16.118311 a b 31.743545 1 0;
0.295497 0.000000 16.171139 a b 33.626424 1 0;
0.331538 0.000000 16.225330 a b 35.019043 1 0;
0.370553 0.000000 16.281010 a b 35.983239 1 0;
0.412157 0.000000 16.338308 a b 36.573111 1 0;
0.455967 0.000000 16.397356 a b 36.832962 1 0;
0.501597 0.000000 16.458279 a b 36.796918 1 0;
0.548665 0.000000 16.521202 a b 36.490818 1 0;
0.596785 0.000000 16.586254 a b 35.934688 1 0;
0.645573 0.000000 16.653566 a b 35.147192 1 0;
0.694645 0.000000 16.723267 a b 34.144304 1 0;
0.743616 0.000000 16.795477 a b 32.933898 1 0;
0.792103 0.000000 16.870329 a b 31.525734 1 0;
0.839721 0.000000 16.947956 a b 29.933778 1 0;
0.886086 0.000000 17.028477 a b 28.162788 1 0;
0.930812 0.000000 17.112022 a b 26.223017 1 0;
0.973518 0.000000 17.198723 a b 24.125767 1 0;
1.013817 0.000000 17.288704 a b 24.125767 1 0;
