1.766810 0.000000 29.023300 a b 45.630959 1 0;
1.959564 0.000000 29.211855 a b 33.438300 1 0;
2.083157 0.000000 29.399021 a b 20.824175 1 0;
2.152958 0.000000 29.582541 a b 10.019188 1 0;
2.184337 0.000000 29.760149 a b 2.812943 1 0;
2.192662 0.000000 29.929588 a b 0.521808 1 0;
2.194309 0.000000 30.110479 a b 0.000000 1 0;
2.194309 0.000000 30.259138 a b -0.000099 1 0;
2.194309 0.000000 30.399385 a b 0.000100 1 0;
2.194309 0.000000 30.533321 a b 0.000000 1 0;
2.194309 0.000000 30.663046 a b 0.000105 1 0;
2.194310 0.000000 30.790672 a b 0.000000 1 0;
2.194310 0.000000 30.917946 a b 0.000000 1 0;
2.194310 0.000000 31.045218 a b -0.000216 1 0;
2.194309 0.000000 31.172487 a b 0.000000 1 0;
2.194309 0.000000 31.299761 a b 0.000106 1 0;
2.194309 0.000000 31.427034 a b 0.119988 1 0;
2.194584 0.000000 31.558071 a b 0.000106 1 0;
2.194584 0.000000 31.685345 a b 0.000000 1 0;
2.194584 0.000000 31.812620 a b -0.000109 1 0;
2.194584 0.000000 31.939890 a b 0.000000 1 0;
2.194584 0.000000 32.067162 a b 0.796087 1 0;
2.196781 0.000000 32.225258 a b 0.000000 1 0;
2.196781 0.000000 32.352528 a b 0.000000 1 0;
2.196781 0.000000 32.479801 a b 0.000106 1 0;
2.196781 0.000000 32.607079 a b 0.000000 1 0;
2.196781 0.000000 32.734348 a b -0.000109 1 0;
2.196781 0.000000 32.861618 a b 0.081616 1 0;
2.196968 0.000000 32.992836 a b -1.025898 1 0;
2.194689 0.000000 33.120106 a b -3.861177 1 0;
2.186099 0.000000 33.247375 a b -8.538115 1 0;
2.166991 0.000000 33.374653 a b -14.887639 1 0;
2.133156 0.000000 33.501923 a b -22.518068 1 0;
2.080389 0.000000 33.629200 a b -30.342869 1 0;
2.005904 0.000000 33.756447 a b -36.273256 1 0;
1.912610 0.000000 33.883575 a b -40.343675 1 0;
1.804838 0.000000 34.010460 a b -42.987844 1 0;
1.686919 0.000000 34.136967 a b -44.476254 1 0;
1.563183 0.000000 34.262985 a b -43.992687 1 0;
1.438106 0.000000 34.392540 a b -44.999622 1 0;
1.312306 0.000000 34.518341 a b -45.001122 1 0;
1.184200 0.000000 34.646442 a b -45.000260 1 0;
1.051794 0.000000 34.778847 a b -44.998747 1 0;
0.913098 0.000000 34.917549 a b -45.001269 1 0;
0.766119 0.000000 35.064522 a b -45.071436 1 0;
0.605739 0.000000 35.224503 a b -45.420394 1 0;
0.414333 0.000000 35.413120 a b -45.907507 1 0;
0.171149 0.000000 35.648720 a b -46.371446 1 0;
-0.144563 0.000000 35.949669 a b -46.756487 1 0;
-0.553556 0.000000 36.334324 a b -47.059332 1 0;
-1.076581 0.000000 36.821041 a b -47.059332 1 0;
