1.158120 0.000000 24.758411 a b 104.495232 1 0;
1.335104 0.000000 24.712656 a b 101.831422 1 0;
1.490663 0.000000 24.680069 a b 98.547773 1 0;
1.626179 0.000000 24.659700 a b 94.437929 1 0;
1.743036 0.000000 24.650631 a b 89.259258 1 0;
1.842614 0.000000 24.651918 a b 82.703059 1 0;
1.926297 0.000000 24.662634 a b 74.482500 1 0;
1.995466 0.000000 24.681839 a b 64.465965 1 0;
2.051504 0.000000 24.708609 a b 52.988533 1 0;
2.095793 0.000000 24.741997 a b 40.954901 1 0;
2.129716 0.000000 24.781082 a b 29.633480 1 0;
2.154654 0.000000 24.824921 a b 19.986350 1 0;
2.171989 0.000000 24.872585 a b 12.399861 1 0;
2.183105 0.000000 24.923143 a b 6.817667 1 0;
2.189382 0.000000 24.975649 a b 3.017634 1 0;
2.192205 0.000000 25.029188 a b 0.799599 1 0;
2.192953 0.000000 25.082811 a b 0.060522 1 0;
2.193010 0.000000 25.136303 a b -0.136901 1 0;
2.192886 0.000000 25.187891 a b -0.524884 1 0;
2.192424 0.000000 25.238405 a b -1.190370 1 0;
2.191393 0.000000 25.287985 a b -2.139623 1 0;
2.189569 0.000000 25.336803 a b -3.377677 1 0;
2.186725 0.000000 25.385000 a b -4.900320 1 0;
2.182632 0.000000 25.432734 a b -6.694379 1 0;
2.177066 0.000000 25.480158 a b -8.740062 1 0;
2.169798 0.000000 25.527431 a b -11.006884 1 0;
2.160603 0.000000 25.574707 a b -13.459289 1 0;
2.149253 0.000000 25.622133 a b -16.048033 1 0;
2.135521 0.000000 25.669870 a b -18.726927 1 0;
2.119181 0.000000 25.718071 a b -21.444483 1 0;
2.100005 0.000000 25.766890 a b -24.154213 1 0;
2.077767 0.000000 25.816477 a b -26.805954 1 0;
2.052241 0.000000 25.866997 a b -29.373239 1 0;
2.023199 0.000000 25.918594 a b -31.895666 1 0;
1.990426 0.000000 25.971256 a b -34.667916 1 0;
1.953749 0.000000 26.024288 a b -37.796167 1 0;
1.913006 0.000000 26.076820 a b -41.308164 1 0;
1.868037 0.000000 26.127993 a b -45.237623 1 0;
1.818681 0.000000 26.176941 a b -49.616224 1 0;
1.764776 0.000000 26.222792 a b -54.446202 1 0;
1.706161 0.000000 26.264685 a b -59.723716 1 0;
1.642673 0.000000 26.301748 a b -65.396394 1 0;
1.574154 0.000000 26.333124 a b -71.388249 1 0;
1.500441 0.000000 26.357948 a b -77.591398 1 0;
1.421371 0.000000 26.375345 a b -83.854464 1 0;
1.336786 0.000000 26.384453 a b -90.024211 1 0;
1.246523 0.000000 26.384415 a b -95.977806 1 0;
1.150420 0.000000 26.374352 a b -101.595451 1 0;
1.048317 0.000000 26.353401 a b -106.804225 1 0;
0.940052 0.000000 26.320705 a b -111.576771 1 0;
0.825464 0.000000 26.275391 a b -111.576771 1 0;
