1.766810 0.000000 29.023300 a b 70.435602 1 0;
2.183789 0.000000 29.171488 a b 63.705517 1 0;
2.482569 0.000000 29.319118 a b 53.912812 1 0;
2.682851 0.000000 29.465097 a b 40.303552 1 0;
2.804332 0.000000 29.608326 a b 24.111435 1 0;
2.866716 0.000000 29.747711 a b 9.701683 1 0;
2.889699 0.000000 29.882141 a b 2.267581 1 0;
2.898133 0.000000 30.095148 a b 0.000000 1 0;
2.898133 0.000000 30.216743 a b 0.000117 1 0;
2.898133 0.000000 30.332224 a b -0.000125 1 0;
2.898133 0.000000 30.442596 a b 0.000000 1 0;
2.898133 0.000000 30.548887 a b -0.000266 1 0;
2.898133 0.000000 30.652115 a b 0.000268 1 0;
2.898133 0.000000 30.753307 a b 0.993615 1 0;
2.900242 0.000000 30.874884 a b -0.195074 1 0;
2.899901 0.000000 30.974882 a b -1.363676 1 0;
2.897521 0.000000 31.074886 a b -3.697834 1 0;
2.891058 0.000000 31.174885 a b -7.173165 1 0;
2.878473 0.000000 31.274883 a b -11.721588 1 0;
2.857724 0.000000 31.374884 a b -17.198395 1 0;
2.826772 0.000000 31.474884 a b -20.033899 1 0;
2.784980 0.000000 31.589495 a b -29.450182 1 0;
2.728518 0.000000 31.689495 a b -33.688840 1 0;
2.661851 0.000000 31.789499 a b -36.050989 1 0;
2.589062 0.000000 31.889498 a b -36.807951 1 0;
2.514232 0.000000 31.989496 a b -36.049340 1 0;
2.441443 0.000000 32.089500 a b -33.690448 1 0;
2.374776 0.000000 32.189499 a b -25.593780 1 0;
2.319720 0.000000 32.304443 a b -23.364998 1 0;
2.276522 0.000000 32.404434 a b -17.215882 1 0;
2.245570 0.000000 32.504326 a b -11.755378 1 0;
2.224822 0.000000 32.604031 a b -7.213879 1 0;
2.212237 0.000000 32.703457 a b -3.732491 1 0;
2.205775 0.000000 32.802517 a b -1.383632 1 0;
2.203393 0.000000 32.901108 a b -0.198844 1 0;
2.203053 0.000000 32.999142 a b -0.262044 1 0;
2.202609 0.000000 33.096260 a b -1.880800 1 0;
2.199498 0.000000 33.191002 a b -5.322807 1 0;
2.191053 0.000000 33.281639 a b -10.973069 1 0;
2.174609 0.000000 33.366451 a b -19.334766 1 0;
2.147498 0.000000 33.443718 a b -30.746718 1 0;
2.107054 0.000000 33.511707 a b -44.727467 1 0;
2.050609 0.000000 33.568691 a b -57.895683 1 0;
1.975982 0.000000 33.615513 a b -62.827075 1 0;
1.882920 0.000000 33.663284 a b -60.715709 1 0;
1.771659 0.000000 33.725681 a b -54.937355 1 0;
1.642429 0.000000 33.816380 a b -47.925114 1 0;
1.495465 0.000000 33.949055 a b -41.131735 1 0;
1.330999 0.000000 34.137375 a b -35.197126 1 0;
1.149265 0.000000 34.395027 a b -30.263487 1 0;
0.950495 0.000000 34.735680 a b -30.263487 1 0;
