1.331010 0.000000 24.542400 a b -39.681520 1 0;
1.238996 0.000000 24.653305 a b -37.576894 1 0;
1.158120 0.000000 24.758411 a b -35.279811 1 0;
1.087664 0.000000 24.857994 a b -32.773944 1 0;
1.026910 0.000000 24.952360 a b -30.066601 1 0;
0.975139 0.000000 25.041790 a b -27.163774 1 0;
0.931632 0.000000 25.126577 a b -24.089834 1 0;
0.895671 0.000000 25.207008 a b -20.881218 1 0;
0.866537 0.000000 25.283379 a b -17.598592 1 0;
0.843511 0.000000 25.355972 a b -14.316026 1 0;
0.825874 0.000000 25.425081 a b -11.128386 1 0;
0.812909 0.000000 25.490993 a b -8.140294 1 0;
0.803896 0.000000 25.554003 a b -5.465613 1 0;
0.798117 0.000000 25.614399 a b -3.217409 1 0;
0.794853 0.000000 25.672462 a b -1.499639 1 0;
0.793386 0.000000 25.728500 a b -0.410862 1 0;
0.792997 0.000000 25.782785 a b 0.028653 1 0;
0.793024 0.000000 25.836298 a b 0.136369 1 0;
0.793147 0.000000 25.887886 a b 0.525374 1 0;
0.793610 0.000000 25.938398 a b 1.190114 1 0;
0.794640 0.000000 25.987980 a b 2.139983 1 0;
0.796464 0.000000 26.036797 a b 3.377815 1 0;
0.799309 0.000000 26.084993 a b 4.899819 1 0;
0.803401 0.000000 26.132727 a b 6.694251 1 0;
0.808967 0.000000 26.180153 a b 8.739918 1 0;
0.816235 0.000000 26.227427 a b 11.007229 1 0;
0.825430 0.000000 26.274702 a b 13.459672 1 0;
0.836781 0.000000 26.322126 a b 16.047554 1 0;
0.850512 0.000000 26.369865 a b 18.727051 1 0;
0.866853 0.000000 26.418066 a b 21.444419 1 0;
0.886028 0.000000 26.466885 a b 24.154688 1 0;
0.908266 0.000000 26.516470 a b 26.806274 1 0;
0.933792 0.000000 26.566990 a b 29.373286 1 0;
0.962834 0.000000 26.618587 a b 31.728198 1 0;
0.995504 0.000000 26.671427 a b 33.525723 1 0;
1.031458 0.000000 26.725695 a b 34.754336 1 0;
1.070238 0.000000 26.781586 a b 35.491205 1 0;
1.111384 0.000000 26.839289 a b 35.787672 1 0;
1.154438 0.000000 26.899012 a b 35.705527 1 0;
1.198941 0.000000 26.960932 a b 35.269852 1 0;
1.244435 0.000000 27.025257 a b 34.523284 1 0;
1.290461 0.000000 27.092167 a b 33.479094 1 0;
1.336560 0.000000 27.161871 a b 32.168694 1 0;
1.382275 0.000000 27.234552 a b 30.604864 1 0;
1.427145 0.000000 27.310410 a b 28.808092 1 0;
1.470713 0.000000 27.389633 a b 26.792292 1 0;
1.512521 0.000000 27.472425 a b 24.580590 1 0;
1.552108 0.000000 27.558969 a b 22.189089 1 0;
1.589017 0.000000 27.649462 a b 19.638835 1 0;
1.622790 0.000000 27.744102 a b 16.955835 1 0;
1.652966 0.000000 27.843079 a b 16.955835 1 0;
