1.766810 0.000000 29.023300 a b 46.086815 1 0;
1.946355 0.000000 29.196159 a b 35.003732 1 0;
2.066709 0.000000 29.368019 a b 23.349337 1 0;
2.139711 0.000000 29.537127 a b 12.828608 1 0;
2.177198 0.000000 29.701748 a b 4.983618 1 0;
2.191009 0.000000 29.860128 a b 2.041828 1 0;
2.201162 0.000000 30.144899 a b 0.000095 1 0;
2.201162 0.000000 30.286144 a b 0.000000 1 0;
2.201162 0.000000 30.419281 a b 0.000106 1 0;
2.201162 0.000000 30.545942 a b -0.000226 1 0;
2.201162 0.000000 30.667736 a b 0.000114 1 0;
2.201162 0.000000 30.786297 a b 0.000000 1 0;
2.201162 0.000000 30.903234 a b -0.000119 1 0;
2.201162 0.000000 31.019897 a b -0.000119 1 0;
2.201161 0.000000 31.136562 a b 0.000233 1 0;
2.201162 0.000000 31.253233 a b -0.000119 1 0;
2.201162 0.000000 31.369902 a b 0.000116 1 0;
2.201162 0.000000 31.486565 a b 0.693084 1 0;
2.202854 0.000000 31.626436 a b 0.000000 1 0;
2.202854 0.000000 31.743103 a b -0.000119 1 0;
2.202854 0.000000 31.859768 a b 0.000116 1 0;
2.202854 0.000000 31.976431 a b 0.000116 1 0;
2.202854 0.000000 32.093102 a b -0.000119 1 0;
2.202854 0.000000 32.209766 a b 0.690341 1 0;
2.204546 0.000000 32.350174 a b 0.000116 1 0;
2.204546 0.000000 32.466843 a b -0.000119 1 0;
2.204546 0.000000 32.583508 a b 0.000116 1 0;
2.204546 0.000000 32.700172 a b -0.000119 1 0;
2.204546 0.000000 32.816841 a b 0.000000 1 0;
2.204546 0.000000 32.933506 a b 0.687882 1 0;
2.206238 0.000000 33.074455 a b -0.238858 1 0;
2.205752 0.000000 33.191067 a b -1.676187 1 0;
2.202349 0.000000 33.307354 a b -4.566270 1 0;
2.193113 0.000000 33.422997 a b -8.914265 1 0;
2.175127 0.000000 33.537666 a b -14.657928 1 0;
2.145474 0.000000 33.651035 a b -21.595841 1 0;
2.101238 0.000000 33.762787 a b -28.966984 1 0;
2.040296 0.000000 33.872879 a b -34.961975 1 0;
1.963699 0.000000 33.982426 a b -39.315726 1 0;
1.873292 0.000000 34.092819 a b -42.268375 1 0;
1.770921 0.000000 34.205448 a b -44.052809 1 0;
1.658431 0.000000 34.321720 a b -44.871311 1 0;
1.537668 0.000000 34.443027 a b -45.032693 1 0;
1.409833 0.000000 34.570717 a b -45.208962 1 0;
1.273558 0.000000 34.706001 a b -45.527138 1 0;
1.126832 0.000000 34.850052 a b -45.956327 1 0;
0.967643 0.000000 35.004013 a b -46.455057 1 0;
0.793981 0.000000 35.169071 a b -47.002498 1 0;
0.603834 0.000000 35.346371 a b -47.569756 1 0;
0.395191 0.000000 35.537090 a b -48.142408 1 0;
0.166040 0.000000 35.742390 a b -48.142408 1 0;
