1.132790 0.000000 20.659599 a b -47.427981 1 0;
1.051195 0.000000 20.734556 a b -46.763875 1 0;
0.970136 0.000000 20.810772 a b -45.887561 1 0;
0.890540 0.000000 20.887939 a b -44.772135 1 0;
0.813335 0.000000 20.965761 a b -43.386448 1 0;
0.739447 0.000000 21.043932 a b -41.684665 1 0;
0.669805 0.000000 21.122139 a b -39.591773 1 0;
0.605335 0.000000 21.200092 a b -37.027916 1 0;
0.546965 0.000000 21.277473 a b -33.863558 1 0;
0.495622 0.000000 21.353985 a b -29.938283 1 0;
0.452234 0.000000 21.429323 a b -25.041460 1 0;
0.417727 0.000000 21.503183 a b -18.915450 1 0;
0.393029 0.000000 21.575256 a b -11.049314 1 0;
0.379102 0.000000 21.646576 a b -2.771801 1 0;
0.375817 0.000000 21.714434 a b 5.695190 1 0;
0.382388 0.000000 21.780319 a b 13.620749 1 0;
0.397919 0.000000 21.844414 a b 20.688044 1 0;
0.421513 0.000000 21.906895 a b 26.744522 1 0;
0.452276 0.000000 21.967941 a b 31.773113 1 0;
0.489311 0.000000 22.027735 a b 35.839022 1 0;
0.531721 0.000000 22.086454 a b 39.041555 1 0;
0.578612 0.000000 22.144274 a b 41.472729 1 0;
0.629087 0.000000 22.201380 a b 43.222419 1 0;
0.682249 0.000000 22.257948 a b 44.354226 1 0;
0.737204 0.000000 22.314156 a b 43.620272 1 0;
0.793156 0.000000 22.372869 a b 44.953944 1 0;
0.849097 0.000000 22.428900 a b 44.678262 1 0;
0.904678 0.000000 22.485109 a b 44.125294 1 0;
0.959543 0.000000 22.541676 a b 43.287139 1 0;
1.013333 0.000000 22.598782 a b 42.160403 1 0;
1.065689 0.000000 22.656603 a b 40.732128 1 0;
1.116254 0.000000 22.715322 a b 38.997394 1 0;
1.164667 0.000000 22.775114 a b 36.942008 1 0;
1.210572 0.000000 22.836161 a b 34.558819 1 0;
1.253610 0.000000 22.898643 a b 31.847247 1 0;
1.293423 0.000000 22.962736 a b 28.804250 1 0;
1.329651 0.000000 23.028624 a b 25.445731 1 0;
1.361937 0.000000 23.096478 a b 21.723488 1 0;
1.389927 0.000000 23.166731 a b 17.884653 1 0;
1.413373 0.000000 23.239388 a b 13.857409 1 0;
1.432134 0.000000 23.315437 a b 9.857720 1 0;
1.446072 0.000000 23.395649 a b 6.020422 1 0;
1.455051 0.000000 23.480787 a b 2.447739 1 0;
1.458934 0.000000 23.571627 a b -0.794891 1 0;
1.457584 0.000000 23.668932 a b -3.677651 1 0;
1.450864 0.000000 23.773478 a b -6.200039 1 0;
1.438638 0.000000 23.886024 a b -8.379249 1 0;
1.420768 0.000000 24.007345 a b -10.244425 1 0;
1.397117 0.000000 24.138208 a b -11.829391 1 0;
1.367548 0.000000 24.279383 a b -13.168710 1 0;
1.331926 0.000000 24.431635 a b -13.168710 1 0;
