0.013070 0.000000 4.710090 a b 76.948838 1 0;
0.146452 0.000000 4.741009 a b 73.467255 1 0;
0.263687 0.000000 4.775809 a b 69.422315 1 0;
0.365818 0.000000 4.814152 a b 64.740608 1 0;
0.453885 0.000000 4.855705 a b 59.374136 1 0;
0.528931 0.000000 4.900133 a b 53.323661 1 0;
0.591998 0.000000 4.947101 a b 46.671833 1 0;
0.644127 0.000000 4.996273 a b 39.603764 1 0;
0.686359 0.000000 5.047316 a b 32.408458 1 0;
0.719737 0.000000 5.099894 a b 25.425507 1 0;
0.745302 0.000000 5.153673 a b 18.980020 1 0;
0.764096 0.000000 5.208316 a b 13.321600 1 0;
0.777161 0.000000 5.263491 a b 8.603049 1 0;
0.785538 0.000000 5.318862 a b 4.895969 1 0;
0.790269 0.000000 5.374092 a b 2.224383 1 0;
0.792396 0.000000 5.428850 a b 0.599208 1 0;
0.792960 0.000000 5.482798 a b 0.023928 1 0;
0.792982 0.000000 5.535744 a b -0.000068 1 0;
0.792982 0.000000 5.587334 a b 0.000066 1 0;
0.792982 0.000000 5.637845 a b -0.000070 1 0;
0.792982 0.000000 5.687429 a b 0.000068 1 0;
0.792982 0.000000 5.736244 a b 0.000000 1 0;
0.792982 0.000000 5.784441 a b 0.000000 1 0;
0.792982 0.000000 5.832176 a b -0.000074 1 0;
0.792982 0.000000 5.879601 a b -0.000074 1 0;
0.792982 0.000000 5.926875 a b 0.000215 1 0;
0.792982 0.000000 5.974148 a b -0.000074 1 0;
0.792982 0.000000 6.021575 a b -0.000073 1 0;
0.792982 0.000000 6.069313 a b 0.000069 1 0;
0.792982 0.000000 6.117513 a b 0.000000 1 0;
0.792982 0.000000 6.166331 a b -0.000070 1 0;
0.792982 0.000000 6.215920 a b 0.000066 1 0;
0.792982 0.000000 6.266437 a b 0.000000 1 0;
0.792982 0.000000 6.318034 a b -0.174266 1 0;
0.792821 0.000000 6.370986 a b -1.172781 1 0;
0.791694 0.000000 6.426040 a b -3.018337 1 0;
0.788635 0.000000 6.484066 a b -5.500703 1 0;
0.782677 0.000000 6.545933 a b -8.392748 1 0;
0.772854 0.000000 6.612510 a b -11.479879 1 0;
0.758201 0.000000 6.684663 a b -14.583949 1 0;
0.737751 0.000000 6.763263 a b -17.575967 1 0;
0.710537 0.000000 6.849175 a b -20.372359 1 0;
0.675595 0.000000 6.943272 a b -22.931130 1 0;
0.631957 0.000000 7.046421 a b -25.239089 1 0;
0.578657 0.000000 7.159488 a b -27.300220 1 0;
0.514730 0.000000 7.283344 a b -29.130589 1 0;
0.439209 0.000000 7.418858 a b -30.752229 1 0;
0.351128 0.000000 7.566896 a b -32.186850 1 0;
0.249520 0.000000 7.728328 a b -33.456884 1 0;
0.133421 0.000000 7.904022 a b -34.583122 1 0;
0.001863 0.000000 8.094847 a b -34.583122 1 0;
