-0.477617 0.000000 4.447730 a b 34.926055 1 0;
-0.378798 0.000000 4.589246 a b 33.343208 1 0;
-0.291942 0.000000 4.721255 a b 31.592939 1 0;
-0.216276 0.000000 4.844282 a b 29.659627 1 0;
-0.151029 0.000000 4.958859 a b 27.533358 1 0;
-0.095430 0.000000 5.065514 a b 25.207336 1 0;
-0.048705 0.000000 5.164775 a b 22.684416 1 0;
-0.010085 0.000000 5.257171 a b 19.979337 1 0;
0.021204 0.000000 5.343233 a b 17.125716 1 0;
0.045933 0.000000 5.423487 a b 14.177345 1 0;
0.064873 0.000000 5.498464 a b 11.214666 1 0;
0.078797 0.000000 5.568691 a b 8.342336 1 0;
0.088477 0.000000 5.634699 a b 5.687516 1 0;
0.094683 0.000000 5.697016 a b 3.391063 1 0;
0.098188 0.000000 5.756169 a b 1.596902 1 0;
0.099764 0.000000 5.812690 a b 0.440153 1 0;
0.100182 0.000000 5.867106 a b 0.003021 1 0;
0.100185 0.000000 5.920063 a b -0.000018 1 0;
0.100185 0.000000 5.971653 a b 0.000015 1 0;
0.100185 0.000000 6.022163 a b -0.000019 1 0;
0.100185 0.000000 6.071749 a b 0.000016 1 0;
0.100185 0.000000 6.120563 a b 0.000000 1 0;
0.100185 0.000000 6.168760 a b 0.000000 1 0;
0.100185 0.000000 6.216495 a b -0.000020 1 0;
0.100185 0.000000 6.263920 a b 0.000007 1 0;
0.100185 0.000000 6.311193 a b 0.000007 1 0;
0.100185 0.000000 6.358467 a b -0.000011 1 0;
0.100185 0.000000 6.405894 a b 0.000007 1 0;
0.100185 0.000000 6.453631 a b 0.000000 1 0;
0.100185 0.000000 6.501832 a b 0.000000 1 0;
0.100185 0.000000 6.550649 a b -0.000010 1 0;
0.100185 0.000000 6.600239 a b 0.000000 1 0;
0.100185 0.000000 6.650756 a b 0.000007 1 0;
0.100185 0.000000 6.702353 a b -0.223279 1 0;
0.099979 0.000000 6.755175 a b -1.524322 1 0;
0.098538 0.000000 6.809322 a b -4.026273 1 0;
0.094627 0.000000 6.864886 a b -7.601237 1 0;
0.087011 0.000000 6.921957 a b -12.079645 1 0;
0.074454 0.000000 6.980629 a b -17.240956 1 0;
0.055723 0.000000 7.040988 a b -22.816106 1 0;
0.029581 0.000000 7.103129 a b -28.522449 1 0;
-0.005207 0.000000 7.167140 a b -34.100346 1 0;
-0.049874 0.000000 7.233113 a b -39.352347 1 0;
-0.105658 0.000000 7.301140 a b -44.156598 1 0;
-0.173792 0.000000 7.371310 a b -48.458704 1 0;
-0.255511 0.000000 7.443714 a b -52.256371 1 0;
-0.352052 0.000000 7.518446 a b -55.582512 1 0;
-0.464647 0.000000 7.595593 a b -58.481055 1 0;
-0.594534 0.000000 7.675247 a b -61.003827 1 0;
-0.742947 0.000000 7.757500 a b -63.202480 1 0;
-0.911120 0.000000 7.842442 a b -63.202480 1 0;
