-0.013250 0.000000 3.718520 a b 60.040093 1 0;
0.079680 0.000000 3.772086 a b 58.379647 1 0;
0.165179 0.000000 3.824728 a b 56.562438 1 0;
0.243557 0.000000 3.876482 a b 54.574806 1 0;
0.315125 0.000000 3.927390 a b 52.405493 1 0;
0.380191 0.000000 3.977488 a b 50.042308 1 0;
0.439066 0.000000 4.026815 a b 47.478164 1 0;
0.492058 0.000000 4.075411 a b 44.710087 1 0;
0.539477 0.000000 4.123312 a b 41.740994 1 0;
0.581633 0.000000 4.170559 a b 38.583702 1 0;
0.618836 0.000000 4.217190 a b 35.259940 1 0;
0.651395 0.000000 4.263243 a b 31.805459 1 0;
0.679619 0.000000 4.308754 a b 28.263656 1 0;
0.703819 0.000000 4.353767 a b 24.693695 1 0;
0.724304 0.000000 4.398317 a b 21.159630 1 0;
0.741383 0.000000 4.442442 a b 17.728393 1 0;
0.755366 0.000000 4.486182 a b 14.468505 1 0;
0.766563 0.000000 4.529576 a b 11.441906 1 0;
0.775284 0.000000 4.572661 a b 8.701664 1 0;
0.781837 0.000000 4.615477 a b 6.292241 1 0;
0.786532 0.000000 4.658061 a b 4.246227 1 0;
0.789680 0.000000 4.700453 a b 2.588125 1 0;
0.791589 0.000000 4.742692 a b 1.333253 1 0;
0.792569 0.000000 4.784812 a b 0.492126 1 0;
0.792930 0.000000 4.826858 a b 0.068874 1 0;
0.792981 0.000000 4.869102 a b -0.076232 1 0;
0.792925 0.000000 4.911124 a b -0.531484 1 0;
0.792534 0.000000 4.953281 a b -1.433256 1 0;
0.791473 0.000000 4.995707 a b -2.763576 1 0;
0.789405 0.000000 5.038535 a b -4.493616 1 0;
0.785997 0.000000 5.081900 a b -6.585779 1 0;
0.780913 0.000000 5.125937 a b -8.991414 1 0;
0.773817 0.000000 5.170781 a b -11.653120 1 0;
0.764375 0.000000 5.216564 a b -14.506651 1 0;
0.752251 0.000000 5.263422 a b -17.484101 1 0;
0.737110 0.000000 5.311489 a b -20.520165 1 0;
0.718617 0.000000 5.360898 a b -23.551290 1 0;
0.696436 0.000000 5.411786 a b -26.524916 1 0;
0.670233 0.000000 5.464284 a b -29.396575 1 0;
0.639672 0.000000 5.518529 a b -32.134106 1 0;
0.604417 0.000000 5.574656 a b -34.716611 1 0;
0.564135 0.000000 5.632795 a b -37.129956 1 0;
0.518488 0.000000 5.693085 a b -39.371085 1 0;
0.467143 0.000000 5.755658 a b -41.440625 1 0;
0.409764 0.000000 5.820649 a b -43.344718 1 0;
0.346015 0.000000 5.888192 a b -45.091411 1 0;
0.275562 0.000000 5.958420 a b -46.690547 1 0;
0.198070 0.000000 6.031470 a b -48.153306 1 0;
0.113202 0.000000 6.107475 a b -49.491038 1 0;
0.020624 0.000000 6.186569 a b -50.714079 1 0;
-0.079999 0.000000 6.268887 a b -50.714079 1 0;
