-0.067539 0.000000 1.394490 a b 23.777377 1 0;
-0.038852 0.000000 1.459601 a b 21.245787 1 0;
-0.013638 0.000000 1.524453 a b 18.799793 1 0;
0.008327 0.000000 1.588976 a b 16.454844 1 0;
0.027268 0.000000 1.653105 a b 14.225752 1 0;
0.043408 0.000000 1.716771 a b 12.125142 1 0;
0.056972 0.000000 1.779905 a b 10.164033 1 0;
0.068183 0.000000 1.842441 a b 8.351906 1 0;
0.077266 0.000000 1.904310 a b 6.697258 1 0;
0.084445 0.000000 1.965444 a b 5.207250 1 0;
0.089943 0.000000 2.025776 a b 3.888869 1 0;
0.093986 0.000000 2.085238 a b 2.748787 1 0;
0.096795 0.000000 2.143762 a b 1.794128 1 0;
0.098597 0.000000 2.201280 a b 1.032755 1 0;
0.099615 0.000000 2.257723 a b 0.473910 1 0;
0.100072 0.000000 2.313026 a b 0.128539 1 0;
0.100193 0.000000 2.367118 a b 0.003027 1 0;
0.100196 0.000000 2.419977 a b -0.000018 1 0;
0.100196 0.000000 2.471568 a b 0.000015 1 0;
0.100196 0.000000 2.522079 a b -0.000019 1 0;
0.100196 0.000000 2.571664 a b 0.000016 1 0;
0.100196 0.000000 2.620478 a b -0.000010 1 0;
0.100196 0.000000 2.668675 a b 0.000000 1 0;
0.100196 0.000000 2.716410 a b -0.000011 1 0;
0.100196 0.000000 2.763836 a b 0.000000 1 0;
0.100196 0.000000 2.811109 a b 0.000017 1 0;
0.100196 0.000000 2.858382 a b -0.000011 1 0;
0.100196 0.000000 2.905809 a b 0.000000 1 0;
0.100196 0.000000 2.953546 a b 0.000000 1 0;
0.100196 0.000000 3.001746 a b 0.000000 1 0;
0.100196 0.000000 3.050565 a b -0.000010 1 0;
0.100196 0.000000 3.100154 a b 0.000007 1 0;
0.100196 0.000000 3.150671 a b 0.000000 1 0;
0.100196 0.000000 3.202268 a b -0.128980 1 0;
0.100077 0.000000 3.255118 a b -0.877903 1 0;
0.099244 0.000000 3.309465 a b -2.307143 1 0;
0.096984 0.000000 3.365571 a b -4.330746 1 0;
0.092582 0.000000 3.423697 a b -6.850279 1 0;
0.085325 0.000000 3.484106 a b -9.757837 1 0;
0.074499 0.000000 3.547060 a b -12.939810 1 0;
0.059389 0.000000 3.612820 a b -16.284137 1 0;
0.039283 0.000000 3.681648 a b -19.685893 1 0;
0.013467 0.000000 3.753807 a b -23.055369 1 0;
-0.018774 0.000000 3.829558 a b -26.320755 1 0;
-0.058153 0.000000 3.909163 a b -29.429618 1 0;
-0.105385 0.000000 3.992884 a b -32.347663 1 0;
-0.161182 0.000000 4.080984 a b -35.058199 1 0;
-0.226258 0.000000 4.173723 a b -37.554776 1 0;
-0.301329 0.000000 4.271363 a b -39.840900 1 0;
-0.387106 0.000000 4.374167 a b -41.926336 1 0;
-0.484305 0.000000 4.482397 a b -41.926336 1 0;
