-0.031500 0.000000 5.015690 a b -44.268020 1 0;
-0.187465 0.000000 5.175692 a b -40.029539 1 0;
-0.312353 0.000000 5.324371 a b -35.131629 1 0;
-0.409615 0.000000 5.462600 a b -29.603427 1 0;
-0.482706 0.000000 5.591245 a b -23.590278 1 0;
-0.535078 0.000000 5.711175 a b -17.391201 1 0;
-0.570185 0.000000 5.823261 a b -11.452643 1 0;
-0.591479 0.000000 5.928370 a b -6.302819 1 0;
-0.602414 0.000000 6.027372 a b -2.460272 1 0;
-0.606443 0.000000 6.121136 a b -0.368839 1 0;
-0.607018 0.000000 6.210531 a b 0.077886 1 0;
-0.606901 0.000000 6.296339 a b 0.566045 1 0;
-0.606085 0.000000 6.378997 a b 1.590051 1 0;
-0.603868 0.000000 6.458855 a b 3.191718 1 0;
-0.599551 0.000000 6.536264 a b 5.398447 1 0;
-0.592435 0.000000 6.611573 a b 8.212781 1 0;
-0.581818 0.000000 6.685131 a b 11.603642 1 0;
-0.567001 0.000000 6.757289 a b 15.497404 1 0;
-0.547285 0.000000 6.828397 a b 19.776929 1 0;
-0.521968 0.000000 6.898806 a b 23.767678 1 0;
-0.490503 0.000000 6.970256 a b 28.663746 1 0;
-0.452236 0.000000 7.040257 a b 32.074163 1 0;
-0.408370 0.000000 7.110256 a b 34.476027 1 0;
-0.360303 0.000000 7.180256 a b 36.004803 1 0;
-0.309436 0.000000 7.250256 a b 36.747398 1 0;
-0.257169 0.000000 7.320256 a b 36.747561 1 0;
-0.204903 0.000000 7.390256 a b 36.004755 1 0;
-0.154036 0.000000 7.460256 a b 34.475994 1 0;
-0.105970 0.000000 7.530256 a b 32.073894 1 0;
-0.062103 0.000000 7.600256 a b 28.244930 1 0;
-0.023938 0.000000 7.671300 a b 24.288744 1 0;
0.007679 0.000000 7.741360 a b 19.777249 1 0;
0.032996 0.000000 7.811768 a b 15.497435 1 0;
0.052712 0.000000 7.882876 a b 11.603502 1 0;
0.067529 0.000000 7.955035 a b 8.212885 1 0;
0.078146 0.000000 8.028592 a b 5.398408 1 0;
0.085262 0.000000 8.103901 a b 3.191810 1 0;
0.089579 0.000000 8.181309 a b 1.589974 1 0;
0.091796 0.000000 8.261168 a b 0.566077 1 0;
0.092612 0.000000 8.343825 a b 0.077901 1 0;
0.092729 0.000000 8.429633 a b 0.074687 1 0;
0.092846 0.000000 8.519161 a b 0.494296 1 0;
0.093663 0.000000 8.613853 a b 1.251220 1 0;
0.095880 0.000000 8.715378 a b 2.247663 1 0;
0.100198 0.000000 8.825397 a b 3.390085 1 0;
0.107317 0.000000 8.945577 a b 4.599693 1 0;
0.117938 0.000000 9.077584 a b 5.816590 1 0;
0.132760 0.000000 9.223083 a b 6.999153 1 0;
0.152483 0.000000 9.383739 a b 8.121012 1 0;
0.177809 0.000000 9.561218 a b 9.168179 1 0;
0.209436 0.000000 9.757183 a b 9.168179 1 0;
