0.371130 0.000000 11.770300 a b -82.545408 1 0;
0.154654 0.000000 11.798625 a b -78.494786 1 0;
-0.027266 0.000000 11.835654 a b -73.417820 1 0;
-0.177634 0.000000 11.880430 a b -67.051124 1 0;
-0.299457 0.000000 11.932013 a b -59.184966 1 0;
-0.395738 0.000000 11.989442 a b -49.797482 1 0;
-0.469483 0.000000 12.051766 a b -39.284489 1 0;
-0.523695 0.000000 12.118038 a b -28.549863 1 0;
-0.561382 0.000000 12.187304 a b -18.720411 1 0;
-0.585546 0.000000 12.258610 a b -10.674876 1 0;
-0.599193 0.000000 12.331009 a b -4.834330 1 0;
-0.605328 0.000000 12.403547 a b -1.299955 1 0;
-0.606955 0.000000 12.475270 a b -0.031575 1 0;
-0.606994 0.000000 12.546008 a b 0.000099 1 0;
-0.606994 0.000000 12.613864 a b -0.000053 1 0;
-0.606994 0.000000 12.679751 a b 0.000000 1 0;
-0.606994 0.000000 12.743845 a b 0.000053 1 0;
-0.606994 0.000000 12.806325 a b 0.000000 1 0;
-0.606994 0.000000 12.867373 a b 0.000000 1 0;
-0.606994 0.000000 12.927166 a b -0.000060 1 0;
-0.606994 0.000000 12.985885 a b 0.000058 1 0;
-0.606994 0.000000 13.043706 a b 0.000000 1 0;
-0.606994 0.000000 13.100811 a b -0.000062 1 0;
-0.606994 0.000000 13.157379 a b 0.000059 1 0;
-0.606994 0.000000 13.213588 a b -0.077386 1 0;
-0.607072 0.000000 13.271135 a b 0.091667 1 0;
-0.606982 0.000000 13.327167 a b 0.639191 1 0;
-0.606355 0.000000 13.383376 a b 1.723923 1 0;
-0.604653 0.000000 13.439942 a b 3.322436 1 0;
-0.601338 0.000000 13.497048 a b 5.399819 1 0;
-0.595872 0.000000 13.554871 a b 7.905678 1 0;
-0.587718 0.000000 13.613587 a b 10.775003 1 0;
-0.576339 0.000000 13.673381 a b 13.930681 1 0;
-0.561197 0.000000 13.734428 a b 17.285380 1 0;
-0.541754 0.000000 13.796909 a b 20.748961 1 0;
-0.517472 0.000000 13.861003 a b 24.233934 1 0;
-0.487815 0.000000 13.926889 a b 27.664315 1 0;
-0.452243 0.000000 13.994745 a b 30.915664 1 0;
-0.410237 0.000000 14.064890 a b 33.966723 1 0;
-0.361460 0.000000 14.137295 a b 36.540942 1 0;
-0.305807 0.000000 14.212394 a b 38.730258 1 0;
-0.243172 0.000000 14.290490 a b 40.581420 1 0;
-0.173451 0.000000 14.371888 a b 42.139031 1 0;
-0.096540 0.000000 14.456891 a b 43.443598 1 0;
-0.012333 0.000000 14.545801 a b 44.530242 1 0;
0.079273 0.000000 14.638922 a b 45.429530 1 0;
0.178383 0.000000 14.736557 a b 46.168303 1 0;
0.285102 0.000000 14.839010 a b 46.769339 1 0;
0.399534 0.000000 14.946585 a b 47.252748 1 0;
0.521784 0.000000 15.059581 a b 47.633660 1 0;
0.651957 0.000000 15.178305 a b 47.633660 1 0;
