1.852240 0.000000 30.028900 a b 86.185722 1 0;
2.082569 0.000000 30.044256 a b 82.311046 1 0;
2.276130 0.000000 30.070389 a b 77.399142 1 0;
2.436121 0.000000 30.106153 a b 71.136206 1 0;
2.565739 0.000000 30.150440 a b 63.237882 1 0;
2.668182 0.000000 30.202103 a b 53.573102 1 0;
2.746645 0.000000 30.260008 a b 42.465737 1 0;
2.804327 0.000000 30.323032 a b 30.897452 1 0;
2.844425 0.000000 30.390038 a b 20.205518 1 0;
2.870136 0.000000 30.459896 a b 11.466663 1 0;
2.884656 0.000000 30.531477 a b 5.168469 1 0;
2.891184 0.000000 30.603649 a b 1.384748 1 0;
2.892915 0.000000 30.675274 a b 0.147805 1 0;
2.893101 0.000000 30.747177 a b -0.000203 1 0;
2.893101 0.000000 30.815031 a b 0.000206 1 0;
2.893101 0.000000 30.880920 a b -0.000215 1 0;
2.893101 0.000000 30.945015 a b 0.000000 1 0;
2.893101 0.000000 31.007494 a b 0.000000 1 0;
2.893101 0.000000 31.068541 a b 0.000000 1 0;
2.893101 0.000000 31.128334 a b 0.000000 1 0;
2.893101 0.000000 31.187054 a b 0.000000 1 0;
2.893101 0.000000 31.244873 a b -0.000241 1 0;
2.893100 0.000000 31.301979 a b 0.000240 1 0;
2.893101 0.000000 31.358549 a b 0.000000 1 0;
2.893101 0.000000 31.414755 a b 0.354294 1 0;
2.893471 0.000000 31.474632 a b -0.091815 1 0;
2.893381 0.000000 31.530575 a b -0.646348 1 0;
2.892754 0.000000 31.586157 a b -1.777475 1 0;
2.891052 0.000000 31.641020 a b -3.526752 1 0;
2.887736 0.000000 31.694811 a b -5.959296 1 0;
2.882271 0.000000 31.747169 a b -9.160726 1 0;
2.874117 0.000000 31.797731 a b -13.226681 1 0;
2.862738 0.000000 31.846146 a b -18.255238 1 0;
2.847596 0.000000 31.892052 a b -24.312315 1 0;
2.828152 0.000000 31.935089 a b -31.379132 1 0;
2.803871 0.000000 31.974901 a b -39.303430 1 0;
2.774213 0.000000 32.011131 a b -47.773600 1 0;
2.738642 0.000000 32.043415 a b -55.951222 1 0;
2.696654 0.000000 32.071789 a b -63.023432 1 0;
2.647716 0.000000 32.096699 a b -66.660527 1 0;
2.591452 0.000000 32.120975 a b -67.728814 1 0;
2.527462 0.000000 32.147182 a b -66.941755 1 0;
2.455339 0.000000 32.177883 a b -64.909711 1 0;
2.374683 0.000000 32.215649 a b -62.125658 1 0;
2.285089 0.000000 32.263035 a b -58.943744 1 0;
2.186155 0.000000 32.322613 a b -55.630248 1 0;
2.077477 0.000000 32.396942 a b -52.357509 1 0;
1.958651 0.000000 32.488590 a b -49.235417 1 0;
1.829276 0.000000 32.600124 a b -46.325896 1 0;
1.688948 0.000000 32.734104 a b -43.652538 1 0;
1.537263 0.000000 32.893097 a b -43.652538 1 0;
