-0.865621 0.000000 7.350330 a b 157.903835 1 0;
-0.800341 0.000000 7.189534 a b 155.465379 1 0;
-0.732624 0.000000 7.041181 a b 153.115087 1 0;
-0.663268 0.000000 6.904382 a b 150.900631 1 0;
-0.593067 0.000000 6.778254 a b 148.877238 1 0;
-0.522819 0.000000 6.661906 a b 147.105788 1 0;
-0.453319 0.000000 6.554452 a b 145.653850 1 0;
-0.385364 0.000000 6.455006 a b 144.599665 1 0;
-0.319750 0.000000 6.362679 a b 144.032560 1 0;
-0.257272 0.000000 6.276583 a b 144.057645 1 0;
-0.198729 0.000000 6.195834 a b 144.801366 1 0;
-0.144914 0.000000 6.119543 a b 146.414932 1 0;
-0.096625 0.000000 6.046822 a b 148.910026 1 0;
-0.054686 0.000000 5.977271 a b 152.336356 1 0;
-0.019115 0.000000 5.909413 a b 155.765656 1 0;
0.010543 0.000000 5.843527 a b 159.251145 1 0;
0.034824 0.000000 5.779433 a b 162.714580 1 0;
0.054267 0.000000 5.716952 a b 166.069459 1 0;
0.069410 0.000000 5.655904 a b 169.224900 1 0;
0.080789 0.000000 5.596111 a b 172.094406 1 0;
0.088943 0.000000 5.537394 a b 174.600218 1 0;
0.094408 0.000000 5.479571 a b 176.677443 1 0;
0.097723 0.000000 5.422467 a b 178.276204 1 0;
0.099426 0.000000 5.365899 a b 179.360713 1 0;
0.100053 0.000000 5.309690 a b 179.986679 1 0;
0.100066 0.000000 5.254512 a b -179.999991 1 0;
0.100066 0.000000 5.198482 a b 179.000000 1 0;
0.100066 0.000000 5.142273 a b 179.999994 1 0;
0.100066 0.000000 5.085705 a b -179.999991 1 0;
0.100066 0.000000 5.028600 a b 179.999994 1 0;
0.100066 0.000000 4.970779 a b 179.000000 1 0;
0.100066 0.000000 4.912061 a b -179.999991 1 0;
0.100066 0.000000 4.852268 a b 179.999995 1 0;
0.100066 0.000000 4.791220 a b 179.000000 1 0;
0.100066 0.000000 4.728739 a b 179.000000 1 0;
0.100066 0.000000 4.664646 a b 179.000000 1 0;
0.100066 0.000000 4.598760 a b -179.999992 1 0;
0.100066 0.000000 4.530903 a b -179.976327 1 0;
0.100037 0.000000 4.460987 a b -179.376500 1 0;
0.099258 0.000000 4.389390 a b -177.666124 1 0;
0.096321 0.000000 4.317332 a b -174.767239 1 0;
0.089788 0.000000 4.245998 a b -170.539974 1 0;
0.078220 0.000000 4.176576 a b -164.783625 1 0;
0.060180 0.000000 4.110250 a b -157.300527 1 0;
0.034228 0.000000 4.048208 a b -148.035368 1 0;
-0.001075 0.000000 3.991635 a b -137.282998 1 0;
-0.047165 0.000000 3.941717 a b -125.811096 1 0;
-0.105483 0.000000 3.899640 a b -114.661338 1 0;
-0.177465 0.000000 3.866590 a b -104.693943 1 0;
-0.264552 0.000000 3.843753 a b -96.298179 1 0;
-0.368181 0.000000 3.832316 a b -96.298179 1 0;
