0.346890 0.000000 11.546900 a b -38.942603 1 0;
0.268223 0.000000 11.644245 a b -39.812342 1 0;
0.186116 0.000000 11.742749 a b -40.005919 1 0;
0.102897 0.000000 11.841905 a b -39.556392 1 0;
0.020893 0.000000 11.941185 a b -38.429512 1 0;
-0.057571 0.000000 12.040077 a b -36.535605 1 0;
-0.130168 0.000000 12.138059 a b -33.704182 1 0;
-0.194571 0.000000 12.234612 a b -29.662446 1 0;
-0.248453 0.000000 12.329222 a b -24.005266 1 0;
-0.289489 0.000000 12.421367 a b -16.174795 1 0;
-0.315351 0.000000 12.510531 a b -6.015147 1 0;
-0.324393 0.000000 12.596339 a b 4.639753 1 0;
-0.317685 0.000000 12.678998 a b 14.537792 1 0;
-0.296976 0.000000 12.758854 a b 23.062587 1 0;
-0.264018 0.000000 12.836264 a b 29.987587 1 0;
-0.220560 0.000000 12.911573 a b 35.365936 1 0;
-0.168351 0.000000 12.985130 a b 39.370232 1 0;
-0.109143 0.000000 13.057288 a b 42.191128 1 0;
-0.044685 0.000000 13.128398 a b 43.985794 1 0;
0.023274 0.000000 13.198806 a b 43.678531 1 0;
0.093005 0.000000 13.271831 a b 44.951578 1 0;
0.162889 0.000000 13.341832 a b 44.663954 1 0;
0.232072 0.000000 13.411832 a b 44.078435 1 0;
0.299856 0.000000 13.481832 a b 43.177903 1 0;
0.365539 0.000000 13.551831 a b 41.934553 1 0;
0.428422 0.000000 13.621831 a b 40.309146 1 0;
0.487805 0.000000 13.691831 a b 38.249960 1 0;
0.542989 0.000000 13.761830 a b 35.690651 1 0;
0.593272 0.000000 13.831831 a b 32.551527 1 0;
0.637955 0.000000 13.901831 a b 27.968149 1 0;
0.676237 0.000000 13.973926 a b 24.288779 1 0;
0.707854 0.000000 14.043985 a b 19.777090 1 0;
0.733171 0.000000 14.114393 a b 15.497350 1 0;
0.752887 0.000000 14.185502 a b 11.603671 1 0;
0.767704 0.000000 14.257660 a b 8.212827 1 0;
0.778321 0.000000 14.331218 a b 5.398481 1 0;
0.785437 0.000000 14.406526 a b 3.191777 1 0;
0.789754 0.000000 14.483933 a b 1.589947 1 0;
0.791971 0.000000 14.563792 a b 0.566127 1 0;
0.792787 0.000000 14.646451 a b 0.077886 1 0;
0.792904 0.000000 14.732259 a b 0.038148 1 0;
0.792964 0.000000 14.822225 a b 0.245711 1 0;
0.793383 0.000000 14.919988 a b 0.593524 1 0;
0.794521 0.000000 15.029849 a b 1.005633 1 0;
0.796737 0.000000 15.156101 a b 1.424379 1 0;
0.800391 0.000000 15.303046 a b 1.815805 1 0;
0.805842 0.000000 15.474978 a b 2.164996 1 0;
0.813449 0.000000 15.676200 a b 2.468562 1 0;
0.823572 0.000000 15.911003 a b 2.728978 1 0;
0.836570 0.000000 16.183691 a b 2.951146 1 0;
0.852802 0.000000 16.498556 a b 2.951146 1 0;
