-0.025176 0.000000 0.196036 a b 78.258188 1 0;
0.069949 0.000000 0.215808 a b 76.157314 1 0;
0.157400 0.000000 0.237357 a b 73.798445 1 0;
0.237426 0.000000 0.260609 a b 71.143290 1 0;
0.310279 0.000000 0.285491 a b 68.149579 1 0;
0.376207 0.000000 0.311927 a b 64.772058 1 0;
0.435459 0.000000 0.339845 a b 60.965433 1 0;
0.488287 0.000000 0.369169 a b 56.689109 1 0;
0.534940 0.000000 0.399827 a b 51.915178 1 0;
0.575666 0.000000 0.431743 a b 46.638516 1 0;
0.610717 0.000000 0.464845 a b 40.889702 1 0;
0.640342 0.000000 0.499057 a b 34.744758 1 0;
0.664790 0.000000 0.534306 a b 28.329261 1 0;
0.684312 0.000000 0.570517 a b 21.807629 1 0;
0.699157 0.000000 0.607617 a b 15.363410 1 0;
0.709574 0.000000 0.645532 a b 9.170070 1 0;
0.715814 0.000000 0.684187 a b 3.365634 1 0;
0.718127 0.000000 0.723509 a b -1.959438 1 0;
0.716761 0.000000 0.763423 a b -6.761535 1 0;
0.711967 0.000000 0.803856 a b -11.035981 1 0;
0.703995 0.000000 0.844733 a b -14.803991 1 0;
0.693094 0.000000 0.885980 a b -18.101600 1 0;
0.679514 0.000000 0.927523 a b -20.972544 1 0;
0.663505 0.000000 0.969289 a b -23.458677 1 0;
0.645316 0.000000 1.011203 a b -25.596447 1 0;
0.625196 0.000000 1.053203 a b -27.440185 1 0;
0.603370 0.000000 1.095237 a b -29.006217 1 0;
0.579950 0.000000 1.137479 a b -30.305458 1 0;
0.555019 0.000000 1.180134 a b -31.342810 1 0;
0.528662 0.000000 1.223409 a b -32.128641 1 0;
0.500966 0.000000 1.267512 a b -32.676710 1 0;
0.472014 0.000000 1.312649 a b -33.003221 1 0;
0.441892 0.000000 1.359028 a b -33.125092 1 0;
0.410684 0.000000 1.406855 a b -33.060792 1 0;
0.378476 0.000000 1.456336 a b -32.827786 1 0;
0.345352 0.000000 1.507679 a b -32.444530 1 0;
0.311398 0.000000 1.561091 a b -31.928146 1 0;
0.276698 0.000000 1.616778 a b -31.295280 1 0;
0.241337 0.000000 1.674948 a b -30.561622 1 0;
0.205400 0.000000 1.735806 a b -29.742481 1 0;
0.168972 0.000000 1.799561 a b -28.851660 1 0;
0.132138 0.000000 1.866419 a b -27.901916 1 0;
0.094983 0.000000 1.936586 a b -26.905465 1 0;
0.057593 0.000000 2.010270 a b -25.873050 1 0;
0.020050 0.000000 2.087678 a b -24.814492 1 0;
-0.017558 0.000000 2.169016 a b -23.738661 1 0;
-0.055148 0.000000 2.254491 a b -22.653239 1 0;
-0.092634 0.000000 2.344310 a b -21.565236 1 0;
-0.129931 0.000000 2.438680 a b -20.480575 1 0;
-0.166955 0.000000 2.537808 a b -19.404339 1 0;
-0.203621 0.000000 2.641901 a b -19.404339 1 0;
