0.890670 0.000000 14.593869 a b 37.853700 1 0;
0.950901 0.000000 14.671368 a b 37.853700 1 0;
1.011132 0.000000 14.748868 a b 37.853700 1 0;
1.071364 0.000000 14.826367 a b 37.853700 1 0;
1.131595 0.000000 14.903867 a b 37.853700 1 0;
1.191826 0.000000 14.981367 a b 37.853700 1 0;
1.252057 0.000000 15.058866 a b 37.853700 1 0;
1.312288 0.000000 15.136366 a b 37.853700 1 0;
1.372520 0.000000 15.213865 a b 37.853700 1 0;
1.432751 0.000000 15.291365 a b 37.853700 1 0;
1.492982 0.000000 15.368864 a b 0.001394 1 0;
1.492984 0.000000 15.438649 a b 0.001394 1 0;
1.492985 0.000000 15.508433 a b 0.001394 1 0;
1.492987 0.000000 15.578218 a b 0.001394 1 0;
1.492989 0.000000 15.648003 a b 0.001394 1 0;
1.492990 0.000000 15.717788 a b 0.001394 1 0;
1.492992 0.000000 15.787572 a b 0.001394 1 0;
1.492994 0.000000 15.857357 a b 0.001394 1 0;
1.492996 0.000000 15.927142 a b 0.001394 1 0;
1.492997 0.000000 15.996926 a b 0.001394 1 0;
1.492999 0.000000 16.066711 a b 0.001394 1 0;
