0.025379 0.000000 10.261600 a b -137.946398 1 0;
-0.128049 0.000000 10.091521 a b -139.358746 1 0;
-0.262903 0.000000 9.934413 a b -140.966007 1 0;
-0.380383 0.000000 9.789514 a b -142.794281 1 0;
-0.481686 0.000000 9.656079 a b -144.877337 1 0;
-0.568010 0.000000 9.533355 a b -147.245762 1 0;
-0.640555 0.000000 9.420589 a b -149.928336 1 0;
-0.700518 0.000000 9.317030 a b -152.941891 1 0;
-0.749098 0.000000 9.221926 a b -156.284948 1 0;
-0.787492 0.000000 9.134523 a b -159.920827 1 0;
-0.816900 0.000000 9.054073 a b -163.767207 1 0;
-0.838518 0.000000 8.979820 a b -167.679030 1 0;
-0.853546 0.000000 8.911016 a b -171.451947 1 0;
-0.863182 0.000000 8.846907 a b -174.831982 1 0;
-0.868624 0.000000 8.786737 a b -177.541117 1 0;
-0.871071 0.000000 8.729763 a b -179.318236 1 0;
-0.871720 0.000000 8.675225 a b -179.973484 1 0;
-0.871744 0.000000 8.622675 a b 179.999869 1 0;
-0.871744 0.000000 8.571083 a b -179.999863 1 0;
-0.871744 0.000000 8.520574 a b 179.999864 1 0;
-0.871744 0.000000 8.470988 a b -179.999859 1 0;
-0.871744 0.000000 8.422174 a b 179.000000 1 0;
-0.871744 0.000000 8.373978 a b 179.000000 1 0;
-0.871744 0.000000 8.326242 a b 179.999858 1 0;
-0.871744 0.000000 8.278814 a b -179.999926 1 0;
-0.871744 0.000000 8.231542 a b -179.999926 1 0;
-0.871744 0.000000 8.184270 a b 179.999930 1 0;
-0.871744 0.000000 8.136842 a b -179.999927 1 0;
-0.871744 0.000000 8.089106 a b 179.000000 1 0;
-0.871744 0.000000 8.040905 a b 179.000000 1 0;
-0.871744 0.000000 7.992087 a b 179.999933 1 0;
-0.871744 0.000000 7.942497 a b -179.999863 1 0;
-0.871744 0.000000 7.891981 a b 179.999935 1 0;
-0.871744 0.000000 7.840384 a b 179.818197 1 0;
-0.871577 0.000000 7.787619 a b 178.751034 1 0;
-0.870405 0.000000 7.733862 a b 176.659520 1 0;
-0.867224 0.000000 7.679357 a b 173.574275 1 0;
-0.861028 0.000000 7.624348 a b 169.529946 1 0;
-0.850815 0.000000 7.569078 a b 164.591560 1 0;
-0.835578 0.000000 7.513793 a b 158.882289 1 0;
-0.814313 0.000000 7.458735 a b 152.599294 1 0;
-0.786016 0.000000 7.404146 a b 146.002736 1 0;
-0.749682 0.000000 7.350273 a b 139.386245 1 0;
-0.704306 0.000000 7.297358 a b 133.017382 1 0;
-0.648884 0.000000 7.245644 a b 127.097489 1 0;
-0.582411 0.000000 7.195375 a b 121.740938 1 0;
-0.503882 0.000000 7.146798 a b 116.989924 1 0;
-0.412293 0.000000 7.100151 a b 112.826308 1 0;
-0.306639 0.000000 7.055681 a b 109.203876 1 0;
-0.185916 0.000000 7.013632 a b 106.062011 1 0;
-0.049119 0.000000 6.974246 a b 106.062011 1 0;
