-2.976220 0.000000 10.939500 a b -34.002626 1 0;
-3.025055 0.000000 11.011893 a b -32.747700 1 0;
-3.070053 0.000000 11.081858 a b -31.466104 1 0;
-3.111445 0.000000 11.149493 a b -30.164886 1 0;
-3.149461 0.000000 11.214902 a b -28.855427 1 0;
-3.184328 0.000000 11.278181 a b -27.546084 1 0;
-3.216279 0.000000 11.339437 a b -26.253849 1 0;
-3.245543 0.000000 11.398768 a b -24.990831 1 0;
-3.272349 0.000000 11.456278 a b -23.777399 1 0;
-3.296927 0.000000 11.512064 a b -22.629464 1 0;
-3.319508 0.000000 11.566234 a b -21.569942 1 0;
-3.340322 0.000000 11.618883 a b -20.618206 1 0;
-3.359596 0.000000 11.670113 a b -19.796795 1 0;
-3.377564 0.000000 11.720028 a b -19.125761 1 0;
-3.394453 0.000000 11.768729 a b -18.628250 1 0;
-3.410493 0.000000 11.816314 a b -18.321190 1 0;
-3.425915 0.000000 11.862887 a b -18.223063 1 0;
-3.440948 0.000000 11.908549 a b -18.346828 1 0;
-3.455822 0.000000 11.953403 a b -18.704127 1 0;
-3.470767 0.000000 11.997545 a b -19.300390 1 0;
-3.486013 0.000000 12.041080 a b -20.135466 1 0;
-3.501790 0.000000 12.084110 a b -21.205366 1 0;
-3.518328 0.000000 12.126736 a b -22.498280 1 0;
-3.535856 0.000000 12.169054 a b -23.994832 1 0;
-3.554604 0.000000 12.211173 a b -25.515435 1 0;
-3.574993 0.000000 12.253890 a b -27.474229 1 0;
-3.596842 0.000000 12.295909 a b -29.244997 1 0;
-3.620430 0.000000 12.338036 a b -30.939131 1 0;
-3.645812 0.000000 12.380381 a b -32.547503 1 0;
-3.673046 0.000000 12.423052 a b -34.063306 1 0;
-3.702191 0.000000 12.466158 a b -35.480179 1 0;
-3.733304 0.000000 12.509809 a b -36.794841 1 0;
-3.766442 0.000000 12.554113 a b -38.008333 1 0;
-3.801662 0.000000 12.599180 a b -39.121793 1 0;
-3.839023 0.000000 12.645117 a b -40.135374 1 0;
-3.878582 0.000000 12.692036 a b -41.056982 1 0;
-3.920396 0.000000 12.740041 a b -41.887079 1 0;
-3.964523 0.000000 12.789244 a b -42.631654 1 0;
-4.011021 0.000000 12.839753 a b -43.295989 1 0;
-4.059946 0.000000 12.891679 a b -43.886831 1 0;
-4.111357 0.000000 12.945127 a b -44.407429 1 0;
-4.165311 0.000000 13.000209 a b -44.863615 1 0;
-4.221866 0.000000 13.057034 a b -45.261183 1 0;
-4.281079 0.000000 13.115709 a b -45.604741 1 0;
-4.343007 0.000000 13.176344 a b -45.898861 1 0;
-4.407709 0.000000 13.239047 a b -46.147675 1 0;
-4.475241 0.000000 13.303926 a b -46.354801 1 0;
-4.545661 0.000000 13.371093 a b -46.525011 1 0;
-4.619029 0.000000 13.440655 a b -46.660855 1 0;
-4.695398 0.000000 13.512720 a b -46.766407 1 0;
-4.774829 0.000000 13.587399 a b -46.766407 1 0;
