-0.074840 0.000000 3.853540 a b -93.245582 1 0;
-0.191020 0.000000 3.846952 a b -100.877195 1 0;
-0.288655 0.000000 3.828191 a b -110.193660 1 0;
-0.369356 0.000000 3.798508 a b -121.040748 1 0;
-0.434737 0.000000 3.759160 a b -132.746889 1 0;
-0.486410 0.000000 3.711399 a b -144.222551 1 0;
-0.525988 0.000000 3.656478 a b -154.436916 1 0;
-0.555084 0.000000 3.595650 a b -162.835321 1 0;
-0.575309 0.000000 3.530169 a b -169.337411 1 0;
-0.588278 0.000000 3.461287 a b -174.112598 1 0;
-0.595602 0.000000 3.390260 a b -177.378762 1 0;
-0.598895 0.000000 3.318339 a b -179.300708 1 0;
-0.599768 0.000000 3.246777 a b -179.974531 1 0;
-0.599799 0.000000 3.177046 a b 179.836085 1 0;
-0.599605 0.000000 3.109189 a b 179.363717 1 0;
-0.598873 0.000000 3.043303 a b 178.545216 1 0;
-0.597246 0.000000 2.979210 a b 177.358897 1 0;
-0.594364 0.000000 2.916728 a b 175.788936 1 0;
-0.589869 0.000000 2.855681 a b 173.827860 1 0;
-0.583402 0.000000 2.795887 a b 171.480669 1 0;
-0.574607 0.000000 2.737170 a b 168.766848 1 0;
-0.563123 0.000000 2.679348 a b 165.724289 1 0;
-0.548593 0.000000 2.622243 a b 162.408640 1 0;
-0.530658 0.000000 2.565675 a b 158.892057 1 0;
-0.508960 0.000000 2.509466 a b 155.130907 1 0;
-0.483217 0.000000 2.453929 a b 151.738295 1 0;
-0.453096 0.000000 2.397900 a b 148.917768 1 0;
-0.419212 0.000000 2.341691 a b 146.861353 1 0;
-0.382282 0.000000 2.285123 a b 145.491610 1 0;
-0.343023 0.000000 2.228018 a b 144.744621 1 0;
-0.302150 0.000000 2.170196 a b 144.574112 1 0;
-0.260382 0.000000 2.111479 a b 144.948582 1 0;
-0.218434 0.000000 2.051685 a b 145.849744 1 0;
-0.177024 0.000000 1.990638 a b 147.271713 1 0;
-0.136868 0.000000 1.928157 a b 149.215269 1 0;
-0.098684 0.000000 1.864063 a b 151.685995 1 0;
-0.063187 0.000000 1.798178 a b 154.689133 1 0;
-0.031095 0.000000 1.730320 a b 158.214293 1 0;
-0.003117 0.000000 1.660320 a b 162.162727 1 0;
0.020388 0.000000 1.587272 a b 166.239531 1 0;
0.039373 0.000000 1.509747 a b 170.189129 1 0;
0.053811 0.000000 1.426254 a b 173.810310 1 0;
0.063675 0.000000 1.335302 a b 176.984289 1 0;
0.068939 0.000000 1.235399 a b 179.670045 1 0;
0.069574 0.000000 1.125053 a b -178.117449 1 0;
0.065555 0.000000 1.002775 a b -176.331533 1 0;
0.056854 0.000000 0.867071 a b -174.912675 1 0;
0.043445 0.000000 0.716452 a b -173.800303 1 0;
0.025301 0.000000 0.549425 a b -172.938950 1 0;
0.002395 0.000000 0.364500 a b -172.280616 1 0;
-0.025299 0.000000 0.160184 a b -172.280616 1 0;
