0.801174 0.000000 17.649538 a b -52.605798 1 0;
0.680058 0.000000 17.742119 a b -50.102828 1 0;
0.573604 0.000000 17.831120 a b -47.306988 1 0;
0.480865 0.000000 17.916676 a b -44.189536 1 0;
0.400896 0.000000 17.998940 a b -40.736951 1 0;
0.332751 0.000000 18.078062 a b -36.954293 1 0;
0.275484 0.000000 18.154184 a b -32.862904 1 0;
0.228149 0.000000 18.227457 a b -28.520973 1 0;
0.189800 0.000000 18.298025 a b -24.020592 1 0;
0.159491 0.000000 18.366034 a b -19.488294 1 0;
0.136277 0.000000 18.431631 a b -15.081161 1 0;
0.119211 0.000000 18.494963 a b -10.967911 1 0;
0.107348 0.000000 18.556177 a b -7.316275 1 0;
0.099741 0.000000 18.615423 a b -4.279283 1 0;
0.095445 0.000000 18.672836 a b -1.984190 1 0;
0.093514 0.000000 18.728580 a b -0.541551 1 0;
0.093002 0.000000 18.782787 a b 0.007853 1 0;
0.093009 0.000000 18.836105 a b 0.136443 1 0;
0.093132 0.000000 18.887693 a b 0.525273 1 0;
0.093595 0.000000 18.938206 a b 1.190218 1 0;
0.094625 0.000000 18.987787 a b 2.139826 1 0;
0.096449 0.000000 19.036604 a b 3.377655 1 0;
0.099294 0.000000 19.084803 a b 4.899767 1 0;
0.103386 0.000000 19.132538 a b 6.694518 1 0;
0.108952 0.000000 19.179962 a b 8.740283 1 0;
0.116220 0.000000 19.227234 a b 11.007584 1 0;
0.125416 0.000000 19.274508 a b 13.458646 1 0;
0.136766 0.000000 19.321936 a b 16.048211 1 0;
0.150498 0.000000 19.369673 a b 18.726956 1 0;
0.166838 0.000000 19.417873 a b 21.444434 1 0;
0.186014 0.000000 19.466692 a b 24.153114 1 0;
0.208251 0.000000 19.516281 a b 26.807090 1 0;
0.233777 0.000000 19.566799 a b 29.374141 1 0;
0.262819 0.000000 19.618395 a b 31.742599 1 0;
0.295526 0.000000 19.671263 a b 33.613484 1 0;
0.331731 0.000000 19.725729 a b 34.967149 1 0;
0.371194 0.000000 19.782156 a b 35.864219 1 0;
0.413670 0.000000 19.840912 a b 36.365600 1 0;
0.458917 0.000000 19.902361 a b 36.527831 1 0;
0.506692 0.000000 19.966860 a b 36.390969 1 0;
0.556753 0.000000 20.034782 a b 36.004489 1 0;
0.608855 0.000000 20.106483 a b 35.399193 1 0;
0.662757 0.000000 20.182333 a b 34.609744 1 0;
0.718215 0.000000 20.262695 a b 33.666519 1 0;
0.774987 0.000000 20.347929 a b 32.592099 1 0;
0.832830 0.000000 20.438402 a b 31.410280 1 0;
0.891500 0.000000 20.534481 a b 30.143664 1 0;
0.950755 0.000000 20.636522 a b 28.807797 1 0;
1.010352 0.000000 20.744894 a b 27.419771 1 0;
1.070049 0.000000 20.859962 a b 25.995369 1 0;
1.129601 0.000000 20.982088 a b 25.995369 1 0;
