0.347300 0.000000 11.495200 a b -33.255000 1 0;
0.332344 0.000000 11.518007 a b -31.355317 1 0;
0.317987 0.000000 11.541570 a b -29.545991 1 0;
0.304216 0.000000 11.565864 a b -27.828556 1 0;
0.291020 0.000000 11.590861 a b -26.201794 1 0;
0.278388 0.000000 11.616532 a b -24.652560 1 0;
0.266306 0.000000 11.642857 a b -23.186447 1 0;
0.254764 0.000000 11.669804 a b -21.795607 1 0;
0.243750 0.000000 11.697348 a b -20.479614 1 0;
0.233251 0.000000 11.725458 a b -19.227184 1 0;
0.223257 0.000000 11.754115 a b -18.042087 1 0;
0.213754 0.000000 11.783288 a b -16.919153 1 0;
0.204732 0.000000 11.812948 a b -15.850724 1 0;
0.196178 0.000000 11.843075 a b -14.838937 1 0;
0.188081 0.000000 11.873637 a b -13.878855 1 0;
0.180429 0.000000 11.904608 a b -12.966132 1 0;
0.173209 0.000000 11.935963 a b -12.099234 1 0;
0.166411 0.000000 11.967675 a b -11.275299 1 0;
0.160022 0.000000 11.999720 a b -10.494979 1 0;
0.154031 0.000000 12.032062 a b -9.750545 1 0;
0.148426 0.000000 12.064682 a b -9.042877 1 0;
0.143194 0.000000 12.097554 a b -8.370082 1 0;
0.138324 0.000000 12.130651 a b -7.731126 1 0;
0.133805 0.000000 12.163940 a b -7.122531 1 0;
0.129624 0.000000 12.197400 a b -6.542720 1 0;
0.125770 0.000000 12.231007 a b -5.992423 1 0;
0.122230 0.000000 12.264727 a b -5.468389 1 0;
0.118993 0.000000 12.298536 a b -4.969515 1 0;
0.116048 0.000000 12.332412 a b -4.495700 1 0;
0.113381 0.000000 12.366323 a b -4.045285 1 0;
0.110983 0.000000 12.400242 a b -3.617109 1 0;
0.108840 0.000000 12.434145 a b -3.210496 1 0;
0.106940 0.000000 12.468006 a b -2.825064 1 0;
0.105273 0.000000 12.501795 a b -2.459468 1 0;
0.103826 0.000000 12.535488 a b -2.113490 1 0;
0.102587 0.000000 12.569057 a b -1.786301 1 0;
0.101544 0.000000 12.602479 a b -1.477882 1 0;
0.100687 0.000000 12.635721 a b -1.187296 1 0;
0.100002 0.000000 12.668761 a b -0.914532 1 0;
0.099478 0.000000 12.701570 a b -0.659107 1 0;
0.099104 0.000000 12.734122 a b -0.420948 1 0;
0.098867 0.000000 12.766392 a b -0.199903 1 0;
0.098755 0.000000 12.798351 a b 0.004035 1 0;
0.098757 0.000000 12.829973 a b 0.190953 1 0;
0.098862 0.000000 12.861233 a b 0.360576 1 0;
0.099056 0.000000 12.892101 a b 0.512794 1 0;
0.099328 0.000000 12.922553 a b 0.647230 1 0;
0.099667 0.000000 12.952562 a b 0.763498 1 0;
0.100061 0.000000 12.982100 a b 0.860990 1 0;
0.100498 0.000000 13.011142 a b 0.939019 1 0;
0.100965 0.000000 13.039660 a b 0.939019 1 0;
