0.298830 0.000000 10.690600 a b -60.731354 1 0;
0.098355 0.000000 10.802958 a b -57.423456 1 0;
-0.070118 0.000000 10.910604 a b -53.471887 1 0;
-0.209372 0.000000 11.013752 a b -48.769375 1 0;
-0.322190 0.000000 11.112623 a b -43.244501 1 0;
-0.411355 0.000000 11.207426 a b -36.902040 1 0;
-0.479649 0.000000 11.298378 a b -29.898013 1 0;
-0.529854 0.000000 11.385695 a b -22.587937 1 0;
-0.564755 0.000000 11.469588 a b -15.500962 1 0;
-0.587133 0.000000 11.550276 a b -9.239163 1 0;
-0.599771 0.000000 11.627971 a b -4.336711 1 0;
-0.605453 0.000000 11.702890 a b -1.193412 1 0;
-0.606960 0.000000 11.775245 a b -0.025460 1 0;
-0.606991 0.000000 11.845939 a b 0.163919 1 0;
-0.606797 0.000000 11.913795 a b 0.636274 1 0;
-0.606066 0.000000 11.979681 a b 1.454768 1 0;
-0.604438 0.000000 12.043776 a b 2.641069 1 0;
-0.601556 0.000000 12.106256 a b 4.211175 1 0;
-0.597061 0.000000 12.167304 a b 6.172060 1 0;
-0.590595 0.000000 12.227098 a b 8.519331 1 0;
-0.581799 0.000000 12.285815 a b 11.233242 1 0;
-0.570315 0.000000 12.343637 a b 14.275712 1 0;
-0.555785 0.000000 12.400742 a b 17.591206 1 0;
-0.537850 0.000000 12.457310 a b 21.108054 1 0;
-0.516152 0.000000 12.513518 a b 24.132873 1 0;
-0.490410 0.000000 12.570977 a b 28.261353 1 0;
-0.460289 0.000000 12.627007 a b 31.082017 1 0;
-0.426405 0.000000 12.683217 a b 33.138689 1 0;
-0.389475 0.000000 12.739784 a b 34.508481 1 0;
-0.350216 0.000000 12.796889 a b 35.255136 1 0;
-0.309343 0.000000 12.854712 a b 35.425908 1 0;
-0.267575 0.000000 12.913429 a b 35.051750 1 0;
-0.225627 0.000000 12.973222 a b 34.150038 1 0;
-0.184217 0.000000 13.034269 a b 32.728327 1 0;
-0.144061 0.000000 13.096750 a b 30.784867 1 0;
-0.105877 0.000000 13.160844 a b 28.313322 1 0;
-0.070380 0.000000 13.226731 a b 25.311644 1 0;
-0.038288 0.000000 13.294586 a b 21.777151 1 0;
-0.010270 0.000000 13.364718 a b 18.765141 1 0;
0.014287 0.000000 13.436998 a b 17.093985 1 0;
0.037236 0.000000 13.511622 a b 16.796269 1 0;
0.060491 0.000000 13.588665 a b 17.761867 1 0;
0.085967 0.000000 13.668195 a b 19.835281 1 0;
0.115578 0.000000 13.750284 a b 22.827396 1 0;
0.151239 0.000000 13.835005 a b 26.520218 1 0;
0.194864 0.000000 13.922426 a b 30.676684 1 0;
0.248368 0.000000 14.012621 a b 35.062940 1 0;
0.313665 0.000000 14.105658 a b 39.467459 1 0;
0.392671 0.000000 14.201610 a b 43.724866 1 0;
0.487298 0.000000 14.300546 a b 47.719352 1 0;
0.599463 0.000000 14.402538 a b 47.719352 1 0;
