-0.501642 0.000000 4.570730 a b 90.301283 1 0;
-0.432271 0.000000 4.570365 a b 87.287669 1 0;
-0.368448 0.000000 4.573389 a b 83.884288 1 0;
-0.309939 0.000000 4.579658 a b 80.047328 1 0;
-0.256515 0.000000 4.589033 a b 75.747522 1 0;
-0.207944 0.000000 4.601370 a b 70.967072 1 0;
-0.163995 0.000000 4.616531 a b 65.722512 1 0;
-0.124438 0.000000 4.634374 a b 60.065654 1 0;
-0.089040 0.000000 4.654757 a b 54.098085 1 0;
-0.057571 0.000000 4.677538 a b 47.959875 1 0;
-0.029799 0.000000 4.702579 a b 41.826763 1 0;
-0.005495 0.000000 4.729736 a b 35.875329 1 0;
0.015574 0.000000 4.758869 a b 30.256161 1 0;
0.033639 0.000000 4.789837 a b 25.088237 1 0;
0.048931 0.000000 4.822499 a b 20.437212 1 0;
0.061680 0.000000 4.856713 a b 16.330863 1 0;
0.072119 0.000000 4.892338 a b 12.764332 1 0;
0.080477 0.000000 4.929234 a b 9.714222 1 0;
0.086986 0.000000 4.967259 a b 7.147068 1 0;
0.091878 0.000000 5.006271 a b 5.025485 1 0;
0.095383 0.000000 5.046130 a b 3.314922 1 0;
0.097733 0.000000 5.086696 a b 1.984521 1 0;
0.099158 0.000000 5.127826 a b 1.008970 1 0;
0.099890 0.000000 5.169378 a b 0.369255 1 0;
0.100159 0.000000 5.211214 a b 0.008694 1 0;
0.100166 0.000000 5.253483 a b -0.078263 1 0;
0.100109 0.000000 5.295495 a b -0.546893 1 0;
0.099707 0.000000 5.337579 a b -1.478997 1 0;
0.098616 0.000000 5.379810 a b -2.863681 1 0;
0.096493 0.000000 5.422258 a b -4.682507 1 0;
0.092992 0.000000 5.464997 a b -6.908102 1 0;
0.087770 0.000000 5.508100 a b -9.502994 1 0;
0.080482 0.000000 5.551639 a b -12.417274 1 0;
0.070784 0.000000 5.595686 a b -15.591109 1 0;
0.058330 0.000000 5.640315 a b -18.954006 1 0;
0.042778 0.000000 5.685599 a b -22.433250 1 0;
0.023783 0.000000 5.731609 a b -25.952466 1 0;
0.001001 0.000000 5.778419 a b -29.442687 1 0;
-0.025914 0.000000 5.826102 a b -32.843830 1 0;
-0.057305 0.000000 5.874730 a b -36.106773 1 0;
-0.093516 0.000000 5.924376 a b -39.198253 1 0;
-0.134893 0.000000 5.975111 a b -42.094626 1 0;
-0.181778 0.000000 6.027010 a b -44.785460 1 0;
-0.234517 0.000000 6.080145 a b -47.269299 1 0;
-0.293454 0.000000 6.134589 a b -49.550395 1 0;
-0.358933 0.000000 6.190414 a b -51.637930 1 0;
-0.431298 0.000000 6.247692 a b -53.543117 1 0;
-0.510894 0.000000 6.306498 a b -55.280045 1 0;
-0.598066 0.000000 6.366903 a b -56.862939 1 0;
-0.693157 0.000000 6.428979 a b -58.304534 1 0;
-0.796511 0.000000 6.492801 a b -58.304534 1 0;
