-0.441466 0.000000 4.253600 a b 27.932924 1 0;
-0.348830 0.000000 4.428317 a b 26.799697 1 0;
-0.267408 0.000000 4.589507 a b 25.539420 1 0;
-0.196476 0.000000 4.737956 a b 24.137032 1 0;
-0.135311 0.000000 4.874454 a b 22.580353 1 0;
-0.083190 0.000000 4.999788 a b 20.857442 1 0;
-0.039389 0.000000 5.114748 a b 18.962019 1 0;
-0.003185 0.000000 5.220119 a b 16.894508 1 0;
0.026146 0.000000 5.316693 a b 14.668426 1 0;
0.049328 0.000000 5.405255 a b 12.313688 1 0;
0.067083 0.000000 5.486596 a b 9.885063 1 0;
0.080136 0.000000 5.561501 a b 7.463809 1 0;
0.089210 0.000000 5.630761 a b 5.162045 1 0;
0.095028 0.000000 5.695163 a b 3.117404 1 0;
0.098314 0.000000 5.755494 a b 1.483155 1 0;
0.099791 0.000000 5.812544 a b 0.411555 1 0;
0.100183 0.000000 5.867101 a b 0.003021 1 0;
0.100186 0.000000 5.920057 a b -0.000018 1 0;
0.100186 0.000000 5.971647 a b 0.000015 1 0;
0.100186 0.000000 6.022158 a b -0.000010 1 0;
0.100186 0.000000 6.071743 a b 0.000007 1 0;
0.100186 0.000000 6.120558 a b 0.000000 1 0;
0.100186 0.000000 6.168755 a b 0.000000 1 0;
0.100186 0.000000 6.216489 a b -0.000020 1 0;
0.100186 0.000000 6.263915 a b 0.000007 1 0;
0.100186 0.000000 6.311188 a b 0.000007 1 0;
0.100186 0.000000 6.358461 a b -0.000011 1 0;
0.100186 0.000000 6.405889 a b 0.000007 1 0;
0.100186 0.000000 6.453626 a b 0.000000 1 0;
0.100186 0.000000 6.501826 a b 0.000000 1 0;
0.100186 0.000000 6.550644 a b -0.000010 1 0;
0.100186 0.000000 6.600234 a b 0.000000 1 0;
0.100186 0.000000 6.650750 a b 0.000007 1 0;
0.100186 0.000000 6.702348 a b -0.208855 1 0;
0.099994 0.000000 6.755018 a b -1.450036 1 0;
0.098650 0.000000 6.808110 a b -3.959818 1 0;
0.095002 0.000000 6.860807 a b -7.855181 1 0;
0.087898 0.000000 6.912297 a b -13.319291 1 0;
0.076187 0.000000 6.961765 a b -20.539504 1 0;
0.058716 0.000000 7.008396 a b -29.565941 1 0;
0.034333 0.000000 7.051377 a b -40.113097 1 0;
0.001886 0.000000 7.089891 a b -51.418845 1 0;
-0.039776 0.000000 7.123127 a b -62.450125 1 0;
-0.091806 0.000000 7.150270 a b -72.338096 1 0;
-0.155355 0.000000 7.170504 a b -80.678646 1 0;
-0.231575 0.000000 7.183015 a b -87.471464 1 0;
-0.321619 0.000000 7.186991 a b -92.930368 1 0;
-0.426639 0.000000 7.181615 a b -97.310381 1 0;
-0.547785 0.000000 7.166074 a b -100.845564 1 0;
-0.686211 0.000000 7.139554 a b -103.726612 1 0;
-0.843068 0.000000 7.101239 a b -103.726612 1 0;
