-0.787735 0.000000 5.181598 a b -51.062872 1 0;
-0.876457 0.000000 5.253283 a b -48.498149 1 0;
-0.954795 0.000000 5.322595 a b -45.600512 1 0;
-1.023251 0.000000 5.389631 a b -42.328070 1 0;
-1.082330 0.000000 5.454494 a b -38.646050 1 0;
-1.132532 0.000000 5.517277 a b -34.524254 1 0;
-1.174361 0.000000 5.578084 a b -29.953926 1 0;
-1.208320 0.000000 5.637012 a b -24.952805 1 0;
-1.234910 0.000000 5.694158 a b -19.576764 1 0;
-1.254636 0.000000 5.749625 a b -13.928346 1 0;
-1.267999 0.000000 5.803508 a b -8.148552 1 0;
-1.275502 0.000000 5.855910 a b -2.408265 1 0;
-1.277648 0.000000 5.906925 a b 3.117496 1 0;
-1.274939 0.000000 5.956656 a b 8.275558 1 0;
-1.267878 0.000000 6.005199 a b 12.947388 1 0;
-1.256968 0.000000 6.052655 a b 17.056824 1 0;
-1.242712 0.000000 6.099121 a b 20.565831 1 0;
-1.225611 0.000000 6.144699 a b 23.466028 1 0;
-1.206170 0.000000 6.189484 a b 25.763075 1 0;
-1.184889 0.000000 6.233577 a b 27.471227 1 0;
-1.162273 0.000000 6.277076 a b 28.602379 1 0;
-1.138823 0.000000 6.320082 a b 29.164696 1 0;
-1.115043 0.000000 6.362693 a b 29.159331 1 0;
-1.091435 0.000000 6.405005 a b 28.570253 1 0;
-1.068501 0.000000 6.447121 a b 27.137495 1 0;
-1.046795 0.000000 6.489469 a b 25.734263 1 0;
-1.026571 0.000000 6.531427 a b 24.408276 1 0;
-1.007643 0.000000 6.573138 a b 23.612021 1 0;
-0.989627 0.000000 6.614351 a b 23.371714 1 0;
-0.972139 0.000000 6.654819 a b 23.719830 1 0;
-0.954795 0.000000 6.694293 a b 24.698663 1 0;
-0.937211 0.000000 6.732526 a b 26.361768 1 0;
-0.919002 0.000000 6.769269 a b 28.766265 1 0;
-0.899786 0.000000 6.804272 a b 31.972940 1 0;
-0.879177 0.000000 6.837288 a b 36.025057 1 0;
-0.856792 0.000000 6.868070 a b 40.939332 1 0;
-0.832247 0.000000 6.896366 a b 46.658695 1 0;
-0.805157 0.000000 6.921931 a b 53.045624 1 0;
-0.775140 0.000000 6.944513 a b 59.855465 1 0;
-0.741810 0.000000 6.963869 a b 66.790445 1 0;
-0.704783 0.000000 6.979745 a b 73.532758 1 0;
-0.663677 0.000000 6.991896 a b 79.828225 1 0;
-0.618106 0.000000 7.000072 a b 85.515436 1 0;
-0.567687 0.000000 7.004027 a b 90.532147 1 0;
-0.512035 0.000000 7.003510 a b 94.885684 1 0;
-0.450767 0.000000 6.998273 a b 98.626136 1 0;
-0.383499 0.000000 6.988068 a b 101.825362 1 0;
-0.309846 0.000000 6.972647 a b 104.558140 1 0;
-0.229424 0.000000 6.951762 a b 106.895469 1 0;
-0.141851 0.000000 6.925162 a b 108.898020 1 0;
-0.046740 0.000000 6.892602 a b 108.898020 1 0;
