-0.013638 0.000000 1.524453 a b -66.839271 1 0;
-0.113885 0.000000 1.567338 a b -62.783088 1 0;
-0.201996 0.000000 1.612653 a b -58.247366 1 0;
-0.278755 0.000000 1.660158 a b -53.234851 1 0;
-0.344945 0.000000 1.709612 a b -47.790631 1 0;
-0.401348 0.000000 1.760772 a b -42.009278 1 0;
-0.448747 0.000000 1.813397 a b -36.038432 1 0;
-0.487926 0.000000 1.867246 a b -30.065635 1 0;
-0.519667 0.000000 1.922078 a b -24.295180 1 0;
-0.544753 0.000000 1.977650 a b -18.915088 1 0;
-0.563967 0.000000 2.033722 a b -14.077093 1 0;
-0.578092 0.000000 2.090051 a b -9.885341 1 0;
-0.587911 0.000000 2.146398 a b -6.400950 1 0;
-0.594207 0.000000 2.202520 a b -3.655575 1 0;
-0.597763 0.000000 2.258175 a b -1.666298 1 0;
-0.599362 0.000000 2.313123 a b -0.449973 1 0;
-0.599786 0.000000 2.367122 a b -0.018156 1 0;
-0.599802 0.000000 2.419981 a b 0.000131 1 0;
-0.599802 0.000000 2.471571 a b -0.000069 1 0;
-0.599802 0.000000 2.522082 a b 0.000067 1 0;
-0.599802 0.000000 2.571667 a b -0.000071 1 0;
-0.599802 0.000000 2.620482 a b -0.000072 1 0;
-0.599802 0.000000 2.668679 a b 0.000070 1 0;
-0.599802 0.000000 2.716413 a b 0.000070 1 0;
-0.599802 0.000000 2.763839 a b -0.000074 1 0;
-0.599802 0.000000 2.811112 a b 0.000000 1 0;
-0.599802 0.000000 2.858385 a b 0.000000 1 0;
-0.599802 0.000000 2.905813 a b 0.000000 1 0;
-0.599802 0.000000 2.953550 a b 0.000000 1 0;
-0.599802 0.000000 3.001750 a b -0.000071 1 0;
-0.599802 0.000000 3.050568 a b 0.000067 1 0;
-0.599802 0.000000 3.100158 a b -0.000069 1 0;
-0.599802 0.000000 3.150674 a b 0.000000 1 0;
-0.599802 0.000000 3.202271 a b 0.135690 1 0;
-0.599678 0.000000 3.254973 a b 0.939072 1 0;
-0.598804 0.000000 3.308282 a b 2.548412 1 0;
-0.596432 0.000000 3.361570 a b 5.014221 1 0;
-0.591814 0.000000 3.414210 a b 8.432187 1 0;
-0.584199 0.000000 3.465574 a b 12.934581 1 0;
-0.572840 0.000000 3.515033 a b 18.665817 1 0;
-0.556987 0.000000 3.561960 a b 25.733951 1 0;
-0.535892 0.000000 3.605727 a b 34.118472 1 0;
-0.508805 0.000000 3.645707 a b 43.566045 1 0;
-0.474977 0.000000 3.681272 a b 53.546803 1 0;
-0.433660 0.000000 3.711793 a b 63.368815 1 0;
-0.384104 0.000000 3.736642 a b 72.417423 1 0;
-0.325561 0.000000 3.755193 a b 80.338626 1 0;
-0.257282 0.000000 3.766817 a b 87.042831 1 0;
-0.178517 0.000000 3.770886 a b 92.616597 1 0;
-0.088518 0.000000 3.766773 a b 97.222313 1 0;
0.013465 0.000000 3.753850 a b 97.222313 1 0;
