1.592860 0.000000 27.244900 a b -46.996875 1 0;
1.456064 0.000000 27.372478 a b -45.113071 1 0;
1.335827 0.000000 27.492241 a b -42.993729 1 0;
1.231082 0.000000 27.604591 a b -40.601441 1 0;
1.140760 0.000000 27.709967 a b -37.915390 1 0;
1.063793 0.000000 27.808781 a b -34.913906 1 0;
0.999111 0.000000 27.901451 a b -31.586745 1 0;
0.945648 0.000000 27.988400 a b -27.944465 1 0;
0.902335 0.000000 28.070051 a b -24.034502 1 0;
0.868102 0.000000 28.146814 a b -19.931218 1 0;
0.841882 0.000000 28.219122 a b -15.768662 1 0;
0.822607 0.000000 28.287382 a b -11.710271 1 0;
0.809208 0.000000 28.352026 a b -7.959869 1 0;
0.800617 0.000000 28.413469 a b -4.729160 1 0;
0.795764 0.000000 28.472124 a b -2.218524 1 0;
0.793583 0.000000 28.528427 a b -0.609983 1 0;
0.793004 0.000000 28.582783 a b 0.028614 1 0;
0.793031 0.000000 28.636368 a b 0.136764 1 0;
0.793154 0.000000 28.687832 a b 0.530219 1 0;
0.793617 0.000000 28.737883 a b 1.215284 1 0;
0.794647 0.000000 28.786434 a b 2.222937 1 0;
0.796471 0.000000 28.833427 a b 3.588933 1 0;
0.799316 0.000000 28.878782 a b 5.356910 1 0;
0.803408 0.000000 28.922422 a b 7.575161 1 0;
0.808974 0.000000 28.964279 a b 10.296056 1 0;
0.816242 0.000000 29.004286 a b 13.576561 1 0;
0.825438 0.000000 29.042364 a b 17.464864 1 0;
0.836788 0.000000 29.078440 a b 21.989183 1 0;
0.850520 0.000000 29.112446 a b 27.150671 1 0;
0.866860 0.000000 29.144308 a b 32.898816 1 0;
0.886036 0.000000 29.173950 a b 39.114010 1 0;
0.908273 0.000000 29.201300 a b 45.606087 1 0;
0.933799 0.000000 29.226292 a b 52.164333 1 0;
0.962841 0.000000 29.248848 a b 58.229618 1 0;
0.995558 0.000000 29.269110 a b 62.392641 1 0;
1.031838 0.000000 29.288082 a b 64.528059 1 0;
1.071500 0.000000 29.306976 a b 64.949279 1 0;
1.114366 0.000000 29.327011 a b 63.983670 1 0;
1.160255 0.000000 29.349409 a b 61.949806 1 0;
1.208988 0.000000 29.375376 a b 59.102264 1 0;
1.260386 0.000000 29.406134 a b 55.699252 1 0;
1.314267 0.000000 29.442890 a b 51.945589 1 0;
1.370453 0.000000 29.486874 a b 48.043541 1 0;
1.428765 0.000000 29.539297 a b 44.149311 1 0;
1.489021 0.000000 29.601370 a b 40.373102 1 0;
1.551043 0.000000 29.674314 a b 36.797653 1 0;
1.614650 0.000000 29.759348 a b 33.470857 1 0;
1.679664 0.000000 29.857681 a b 30.411669 1 0;
1.745904 0.000000 29.970531 a b 27.622157 1 0;
1.813190 0.000000 30.099117 a b 25.093148 1 0;
1.881343 0.000000 30.244654 a b 25.093148 1 0;
