0.347300 0.000000 11.495200 a b -67.569363 1 0;
0.238948 0.000000 11.539927 a b -65.215954 1 0;
0.142549 0.000000 11.584437 a b -62.476188 1 0;
0.057536 0.000000 11.628737 a b -59.273000 1 0;
-0.016660 0.000000 11.672839 a b -55.524606 1 0;
-0.080607 0.000000 11.716748 a b -51.137181 1 0;
-0.134873 0.000000 11.760477 a b -46.031605 1 0;
-0.180026 0.000000 11.804032 a b -40.153071 1 0;
-0.216633 0.000000 11.847424 a b -33.512364 1 0;
-0.245264 0.000000 11.890659 a b -26.218140 1 0;
-0.266485 0.000000 11.933753 a b -18.508997 1 0;
-0.280866 0.000000 11.976710 a b -10.720540 1 0;
-0.288974 0.000000 12.019536 a b -3.220501 1 0;
-0.291377 0.000000 12.062247 a b 3.671267 1 0;
-0.288644 0.000000 12.104849 a b 9.748970 1 0;
-0.281342 0.000000 12.147349 a b 14.922850 1 0;
-0.270039 0.000000 12.189760 a b 19.193639 1 0;
-0.255304 0.000000 12.232089 a b 22.611646 1 0;
-0.237704 0.000000 12.274345 a b 25.247048 1 0;
-0.217808 0.000000 12.316537 a b 27.166595 1 0;
-0.196183 0.000000 12.358674 a b 28.426297 1 0;
-0.173399 0.000000 12.400767 a b 29.066491 1 0;
-0.150022 0.000000 12.442825 a b 29.109912 1 0;
-0.126620 0.000000 12.484852 a b 28.550046 1 0;
-0.103763 0.000000 12.526862 a b 26.990920 1 0;
-0.081996 0.000000 12.569600 a b 25.682654 1 0;
-0.061795 0.000000 12.611606 a b 24.049166 1 0;
-0.043034 0.000000 12.653648 a b 22.639723 1 0;
-0.025468 0.000000 12.695764 a b 21.473634 1 0;
-0.008858 0.000000 12.737988 a b 20.565758 1 0;
0.007038 0.000000 12.780356 a b 19.925486 1 0;
0.022463 0.000000 12.822907 a b 19.558296 1 0;
0.037657 0.000000 12.865677 a b 19.464723 1 0;
0.052863 0.000000 12.908701 a b 19.641976 1 0;
0.068322 0.000000 12.952014 a b 20.079650 1 0;
0.084275 0.000000 12.995657 a b 20.770442 1 0;
0.100965 0.000000 13.039661 a b 21.696400 1 0;
0.118633 0.000000 13.084066 a b 22.841951 1 0;
0.137520 0.000000 13.128905 a b 24.182634 1 0;
0.157868 0.000000 13.174219 a b 25.698843 1 0;
0.179919 0.000000 13.220040 a b 27.362752 1 0;
0.203915 0.000000 13.266406 a b 29.146444 1 0;
0.230097 0.000000 13.313355 a b 31.025141 1 0;
0.258706 0.000000 13.360922 a b 32.969630 1 0;
0.289984 0.000000 13.409142 a b 34.953979 1 0;
0.324174 0.000000 13.458054 a b 36.954766 1 0;
0.361516 0.000000 13.507689 a b 38.946680 1 0;
0.402252 0.000000 13.558090 a b 40.913007 1 0;
0.446624 0.000000 13.609291 a b 42.837931 1 0;
0.494873 0.000000 13.661326 a b 44.706361 1 0;
0.547241 0.000000 13.714234 a b 44.706361 1 0;
