-0.600310 0.000000 5.467999 a b 179.087940 1 0;
-0.598605 0.000000 5.360897 a b 177.270128 1 0;
-0.593746 0.000000 5.259000 a b 175.391783 1 0;
-0.585935 0.000000 5.162092 a b 173.460657 1 0;
-0.575374 0.000000 5.069955 a b 171.485856 1 0;
-0.562262 0.000000 4.982372 a b 169.479299 1 0;
-0.546803 0.000000 4.899128 a b 167.455186 1 0;
-0.529196 0.000000 4.820004 a b 165.429949 1 0;
-0.509645 0.000000 4.744784 a b 163.421655 1 0;
-0.488350 0.000000 4.673251 a b 161.451238 1 0;
-0.465512 0.000000 4.605189 a b 159.540479 1 0;
-0.441333 0.000000 4.540380 a b 157.713198 1 0;
-0.416014 0.000000 4.478606 a b 155.992419 1 0;
-0.389757 0.000000 4.419653 a b 154.403983 1 0;
-0.362764 0.000000 4.363303 a b 152.972716 1 0;
-0.335235 0.000000 4.309338 a b 151.722511 1 0;
-0.307371 0.000000 4.257541 a b 150.678303 1 0;
-0.279375 0.000000 4.207697 a b 149.864799 1 0;
-0.251448 0.000000 4.159589 a b 149.306023 1 0;
-0.223791 0.000000 4.112998 a b 149.025642 1 0;
-0.196606 0.000000 4.067708 a b 149.046198 1 0;
-0.170094 0.000000 4.023503 a b 149.391547 1 0;
-0.144456 0.000000 3.980166 a b 150.083964 1 0;
-0.119893 0.000000 3.937479 a b 151.141609 1 0;
-0.096608 0.000000 3.895226 a b 152.426922 1 0;
-0.074840 0.000000 3.853540 a b 154.369764 1 0;
-0.054690 0.000000 3.811540 a b 156.328576 1 0;
-0.036278 0.000000 3.769538 a b 158.416288 1 0;
-0.019661 0.000000 3.727535 a b 160.636980 1 0;
-0.004898 0.000000 3.685527 a b 162.991686 1 0;
0.007953 0.000000 3.643516 a b 165.480904 1 0;
0.018834 0.000000 3.601499 a b 168.102981 1 0;
0.027687 0.000000 3.559474 a b 170.852689 1 0;
0.034456 0.000000 3.517442 a b 173.722695 1 0;
0.039080 0.000000 3.475400 a b 176.702077 1 0;
0.041503 0.000000 3.433349 a b 179.776931 1 0;
0.041667 0.000000 3.391285 a b -177.070018 1 0;
0.039513 0.000000 3.349210 a b -173.858663 1 0;
0.034985 0.000000 3.307120 a b -170.611143 1 0;
0.028023 0.000000 3.265015 a b -167.350687 1 0;
0.018570 0.000000 3.222895 a b -164.101565 1 0;
0.006567 0.000000 3.180756 a b -160.886217 1 0;
-0.008042 0.000000 3.138600 a b -157.727365 1 0;
-0.025316 0.000000 3.096424 a b -154.643524 1 0;
-0.045313 0.000000 3.054228 a b -151.652005 1 0;
-0.068091 0.000000 3.012010 a b -148.766120 1 0;
-0.093707 0.000000 2.969768 a b -145.995474 1 0;
-0.122220 0.000000 2.927503 a b -143.347445 1 0;
-0.153688 0.000000 2.885212 a b -140.826519 1 0;
-0.188169 0.000000 2.842895 a b -138.433544 1 0;
-0.225720 0.000000 2.800551 a b -138.433544 1 0;
