-2.976220 0.000000 10.939500 a b 23.258751 1 0;
-2.915045 0.000000 11.081827 a b 21.157168 1 0;
-2.863636 0.000000 11.214663 a b 18.920736 1 0;
-2.821143 0.000000 11.338630 a b 16.565007 1 0;
-2.786717 0.000000 11.454367 a b 14.123360 1 0;
-2.759509 0.000000 11.562501 a b 11.640514 1 0;
-2.738669 0.000000 11.663662 a b 9.177686 1 0;
-2.723349 0.000000 11.758485 a b 6.815236 1 0;
-2.712699 0.000000 11.847596 a b 4.645824 1 0;
-2.705870 0.000000 11.931629 a b 2.774186 1 0;
-2.702013 0.000000 12.011214 a b 1.310666 1 0;
-2.700280 0.000000 12.086983 a b 0.363428 1 0;
-2.699820 0.000000 12.159563 a b -0.146245 1 0;
-2.700000 0.000000 12.230273 a b -0.164138 1 0;
-2.700194 0.000000 12.297935 a b -0.643620 1 0;
-2.700926 0.000000 12.363091 a b -1.492634 1 0;
-2.702554 0.000000 12.425557 a b -2.768705 1 0;
-2.705436 0.000000 12.485156 a b -4.544312 1 0;
-2.709930 0.000000 12.541707 a b -6.913562 1 0;
-2.716397 0.000000 12.595035 a b -9.992449 1 0;
-2.725193 0.000000 12.644958 a b -13.919372 1 0;
-2.736676 0.000000 12.691294 a b -18.843629 1 0;
-2.751206 0.000000 12.733870 a b -24.902485 1 0;
-2.769141 0.000000 12.772503 a b -32.158977 1 0;
-2.790839 0.000000 12.807014 a b -39.547224 1 0;
-2.817005 0.000000 12.838701 a b -49.479463 1 0;
-2.847215 0.000000 12.864522 a b -57.841385 1 0;
-2.881726 0.000000 12.886220 a b -65.097270 1 0;
-2.920358 0.000000 12.904155 a b -71.155886 1 0;
-2.962933 0.000000 12.918685 a b -76.080697 1 0;
-3.009271 0.000000 12.930169 a b -80.008695 1 0;
-3.059193 0.000000 12.938964 a b -83.085593 1 0;
-3.112520 0.000000 12.945431 a b -85.454866 1 0;
-3.169073 0.000000 12.949926 a b -87.232443 1 0;
-3.228672 0.000000 12.952807 a b -88.507157 1 0;
-3.291138 0.000000 12.954435 a b -89.355949 1 0;
-3.356292 0.000000 12.955168 a b -89.836876 1 0;
-3.423954 0.000000 12.955360 a b -89.856455 1 0;
-3.493994 0.000000 12.955536 a b -89.258020 1 0;
-3.566601 0.000000 12.956476 a b -87.329055 1 0;
-3.642465 0.000000 12.960015 a b -84.364318 1 0;
-3.722263 0.000000 12.967890 a b -80.620760 1 0;
-3.806674 0.000000 12.981833 a b -76.373043 1 0;
-3.896375 0.000000 13.003578 a b -71.893588 1 0;
-3.992045 0.000000 13.034860 a b -67.418050 1 0;
-4.094360 0.000000 13.077412 a b -63.128180 1 0;
-4.204000 0.000000 13.132967 a b -59.140628 1 0;
-4.321640 0.000000 13.203260 a b -55.515921 1 0;
-4.447961 0.000000 13.290027 a b -52.271925 1 0;
-4.583639 0.000000 13.394997 a b -49.395620 1 0;
-4.729352 0.000000 13.519907 a b -49.395620 1 0;
