0.15 1.95
0.15 1.95
0.15 1.65
0.15 1.95
0.15 1.65
0.15 1.95
0.15 1.65
0.15 1.95
0.15 1.65
0.15 1.95
0.15 1.65
0.15 1.95
0.15 1.65
0.15 1.95
0.15 1.65
0.15 1.35
0.15 1.65
0.15 1.35
-0.15 1.65
0.15 1.65
-0.15 1.35
0.15 1.35
-0.15 1.65
0.15 1.65
-0.15 1.35
0.15 1.35
-0.15 1.65
0.15 1.65
-0.15 1.35
0.15 1.35
0.15 1.65
-0.15 1.35
0.15 1.35
-0.15 1.65
0.15 1.65
-0.15 1.35
0.15 1.35
0.15 1.65
-0.15 1.35
0.15 1.35
0.15 1.65
-0.15 1.35
0.15 1.35
0.15 1.65
-0.15 1.35
0.15 1.35
-0.15 1.35
0.15 1.35
0.15 1.05
-0.15 1.35
0.15 1.35
0.15 1.05
-0.15 1.35
0.15 1.35
-0.15 1.05
0.15 1.05
-0.15 1.35
0.15 1.35
-0.15 1.05
0.15 1.05
-0.15 1.35
0.15 1.35
-0.15 1.05
0.15 1.05
-0.15 1.35
0.15 1.35
-0.15 1.05
0.15 1.05
-0.15 1.35
0.15 1.35
0.15 1.05
-0.15 1.35
0.15 1.35
-0.15 1.05
0.15 1.05
-0.15 1.35
0.15 1.35
0.15 1.05
-0.15 1.35
0.15 1.35
0.15 1.05
-0.15 1.35
0.15 1.35
-0.15 1.05
0.15 1.05
-0.15 1.35
0.15 1.35
0.15 1.05
-0.15 1.35
0.15 1.35
0.15 1.05
-0.15 1.35
0.15 1.35
0.15 1.05
-0.15 1.35
0.15 1.35
0.15 1.05
-0.15 1.35
0.15 1.35
-0.15 1.05
0.15 1.05
-0.15 1.35
0.15 1.35
-0.15 1.05
0.15 1.05
-0.15 1.35
0.15 1.35
0.15 1.05
-0.15 1.35
0.15 1.35
0.15 1.05
-0.15 1.35
0.15 1.35
0.15 1.05
-0.15 1.35
0.15 1.35
-0.15 1.05
0.15 1.05
-0.15 1.35
0.15 1.35
-0.15 1.05
0.15 1.05
-0.15 1.35
0.15 1.35
0.15 1.05
-0.15 1.35
0.15 1.35
0.15 1.05
-0.15 1.35
0.15 1.35
0.15 1.05
-0.15 1.35
0.15 1.35
0.15 1.05
-0.15 1.35
0.15 1.35
0.15 1.05
-0.15 1.35
0.15 1.35
0.15 1.05
-0.15 1.35
0.15 1.35
0.15 1.05
-0.15 1.35
0.15 1.35
-0.15 1.05
0.15 1.05
-0.15 1.35
0.15 1.35
0.15 1.05
-0.15 1.35
0.15 1.35
0.15 1.05
-0.15 1.35
0.15 1.35
0.15 1.05
-0.15 1.35
0.15 1.35
0.15 1.05
-0.15 1.35
0.15 1.35
0.15 1.05
-0.15 1.35
0.15 1.35
0.15 1.05
-0.15 1.35
0.15 1.35
0.15 1.05
-0.15 1.35
0.15 1.35
-0.15 1.05
0.15 1.05
-0.15 1.35
0.15 1.35
0.15 1.05
-0.15 1.35
0.15 1.35
0.15 1.05
-0.15 1.35
0.15 1.35
0.15 1.05
-0.15 1.35
0.15 1.35
0.15 1.05
-0.15 1.35
0.15 1.35
0.15 1.05
-0.15 1.35
0.15 1.35
0.15 1.05
-0.15 1.35
0.15 1.35
0.15 1.05
-0.15 1.35
0.15 1.35
0.15 1.05
-0.15 1.35
0.15 1.35
0.15 1.05
-0.15 1.35
0.15 1.35
0.15 1.05
-0.15 1.35
0.15 1.35
0.15 1.05
-0.15 1.35
0.15 1.35
0.15 1.05
-0.15 1.35
0.15 1.35
0.15 1.05
-0.15 1.35
0.15 1.35
0.15 1.05
-0.15 1.35
0.15 1.35
0.15 1.05
-0.15 1.35
0.15 1.35
0.15 1.05
-0.15 1.35
0.15 1.35
0.15 1.05
-0.15 1.35
0.15 1.35
0.15 1.05
-0.15 1.35
0.15 1.35
0.15 1.05
-0.15 1.35
0.15 1.35
0.15 1.05
-0.15 1.35
0.15 1.35
0.15 1.05
-0.15 1.35
0.15 1.35
0.15 1.05
-0.15 1.35
0.15 1.35
0.15 1.05
-0.15 1.35
0.15 1.35
0.15 1.05
-0.15 1.35
0.15 1.35
0.15 1.05
-0.15 1.35
0.15 1.35
0.15 1.05
-0.15 1.35
0.15 1.35
0.15 1.05
-0.15 1.35
0.15 1.35
0.15 1.05
-0.15 1.35
0.15 1.35
0.15 1.05
-0.15 1.35
0.15 1.35
0.15 1.05
-0.15 1.35
0.15 1.35
0.15 1.05
-0.15 1.35
0.15 1.35
0.15 1.05
-0.15 1.35
0.15 1.35
0.15 1.05
-0.15 1.35
0.15 1.35
0.15 1.05
-0.15 1.35
0.15 1.35
0.15 1.05
-0.15 1.35
0.15 1.35
0.15 1.05
-0.15 1.35
0.15 1.35
0.15 1.05
-0.15 1.35
0.15 1.35
0.15 1.05
-0.15 1.35
0.15 1.35
0.15 1.05
-0.15 1.35
0.15 1.35
0.15 1.05
-0.15 1.35
0.15 1.35
0.15 1.05
-0.15 1.35
0.15 1.35
0.15 1.05
-0.15 1.35
0.15 1.35
0.15 1.05
-0.15 1.35
0.15 1.35
0.15 1.05
-0.15 1.35
0.15 1.35
0.15 1.05
-0.15 1.35
0.15 1.35
0.15 1.05
-0.15 1.35
0.15 1.35
0.15 1.05
-0.15 1.35
0.15 1.35
0.15 1.05
-0.15 1.35
0.15 1.35
0.15 1.05
-0.15 1.35
0.15 1.35
0.15 1.05
-0.15 1.35
0.15 1.35
0.15 1.05
-0.15 1.35
0.15 1.35
0.15 1.05
-0.15 1.35
0.15 1.35
0.15 1.05
-0.15 1.35
0.15 1.35
0.15 1.05
-0.15 1.35
0.15 1.35
0.15 1.35
0.15 1.05
0.15 1.35
0.15 1.05
0.15 1.35
0.15 1.05
0.15 1.35
0.15 1.05
0.15 1.35
0.15 1.05
0.15 1.35
0.15 1.05
0.15 0.75
0.15 0.75
0.15 0.75
0.15 1.05
0.15 1.05
0.15 1.05
0.15 1.05
0.15 1.35
0.15 1.05
0.15 1.35
0.15 1.05
0.15 1.35
0.15 1.05
0.15 1.35
0.15 1.35
0.15 1.65
0.15 1.35
0.15 1.65
0.15 1.65
0.15 1.95
0.15 1.65
0.15 1.95
0.15 1.95
0.15 2.25
0.15 1.95
0.15 2.25
0.15 1.95
0.15 2.25
0.15 1.95
-0.15 2.25
0.15 2.25
-0.15 2.25
0.15 2.25
-0.15 2.55
0.15 2.55
0.15 2.25
-0.15 2.55
0.15 2.55
0.15 2.25
0.15 2.55
0.15 2.25
0.15 2.55
0.15 2.85
0.15 2.25
0.15 2.55
0.15 2.85
0.15 2.55
0.15 2.85
0.15 2.85
0.15 3.15
0.15 2.85
0.15 3.15
-0.15 2.55
0.15 3.15
-0.15 5.25
-0.15 5.25
0.15 5.25
-0.15 4.95
0.15 4.95
-0.15 5.25
0.15 5.25
-0.15 4.95
0.15 4.95
-0.15 5.25
0.15 5.25
-0.15 4.95
0.15 4.95
-0.15 5.25
0.15 5.25
0.15 3.15
0.15 4.95
0.15 5.25
-0.15 2.55
0.15 2.55
0.15 4.95
0.15 5.25
-0.15 5.25
0.15 5.25
-0.15 1.95
0.15 5.85
0.15 5.55
0.15 5.85
0.15 6.15
0.15 5.55
0.15 5.85
0.15 5.55
-0.15 5.85
0.15 5.85
-0.15 6.15
-0.15 5.55
0.15 5.55
-0.15 5.85
0.15 5.85
-0.15 5.55
0.15 5.55
-0.15 5.85
0.15 5.85
-0.15 5.25
-0.15 5.55
-0.15 5.85
0.15 5.85
-0.15 6.15
-0.15 5.85
-0.15 5.85
-0.15 4.05
-0.15 4.05
-0.15 4.35
-0.15 4.05
-0.15 4.35
0.15 4.35
0.15 3.75
-0.15 4.05
0.15 4.05
-0.15 4.35
0.15 4.35
-0.15 3.75
0.15 3.75
-0.15 4.05
0.15 4.05
0.15 4.35
0.15 3.75
-0.15 4.05
0.15 4.05
0.15 3.75
0.15 4.05
0.15 4.05
0.15 3.45
0.15 3.75
0.15 4.05
0.15 3.45
0.15 3.75
0.15 4.05
0.15 3.45
0.15 3.75
0.15 3.45
0.15 3.75
-0.15 3.45
0.15 3.45
-0.15 3.75
0.15 3.75
-0.15 4.05
0.15 4.05
-0.15 3.45
-0.15 3.75
0.15 3.75
-0.15 4.05
0.15 4.05
-0.15 3.75
0.15 3.75
-0.15 4.05
0.15 4.05
-0.15 3.75
-0.15 4.05
-0.15 4.35
