9.46148 -3.69372 0
9.46148 -2.99372 0
9.46148 -2.29372 0
9.46148 -1.59372 0
9.46148 -0.893724 0
9.46148 -0.193724 0
9.46148 0.506276 0
9.46148 1.20628 0
9.46148 1.90628 0
9.46148 2.60628 0
9.46148 3.30628 0
9.46148 4.00628 0
9.46148 4.70628 0
9.46148 5.40628 0
8.76148 -3.69372 0
8.76148 -2.99372 0
8.76148 -2.29372 0
8.76148 -1.59372 0
8.76148 -0.893724 0
8.76148 -0.193724 0
8.76148 0.506276 0
8.76148 1.20628 0
8.76148 1.90628 0
8.76148 2.60628 0
8.76148 3.30628 0
8.76148 4.00628 0
8.76148 4.70628 0
8.76148 5.40628 0
8.06148 -3.69372 0
8.06148 -2.99372 0
8.06148 -2.29372 0
8.06148 -1.59372 0
8.06148 -0.893724 0
8.06148 -0.193724 0
8.06148 0.506276 0
8.06148 1.20628 0
8.06148 1.90628 0
8.06148 2.60628 0
8.06148 3.30628 0
8.06148 4.00628 0
8.06148 4.70628 0
8.06148 5.40628 0
7.36148 -3.69372 0
7.36148 -2.99372 0
7.36148 -2.29372 0
7.36148 -1.59372 0
7.36148 -0.893724 0
7.36148 -0.193724 0
7.36148 0.506276 0
7.36148 1.20628 0
7.36148 1.90628 0
7.36148 2.60628 0
7.36148 3.30628 0
7.36148 4.00628 0
7.36148 4.70628 0
7.36148 5.40628 0
6.66148 -3.69372 0
6.66148 -2.99372 0
6.66148 -2.29372 0
6.66148 -1.59372 0
6.66148 -0.893724 0
6.66148 -0.193724 0
6.66148 0.506276 0
6.66148 1.20628 0
6.66148 1.90628 0
6.66148 2.60628 0
6.66148 3.30628 0
6.66148 4.00628 0
6.66148 4.70628 0
6.66148 5.40628 0
5.96148 -3.69372 0
5.96148 -2.99372 0
5.96148 -2.29372 0
5.96148 -1.59372 0
5.96148 -0.893724 0
5.96148 -0.193724 0
5.96148 0.506276 0
5.96148 1.20628 0
5.96148 1.90628 0
5.96148 2.60628 0
5.96148 3.30628 0
5.96148 4.00628 0
5.96148 4.70628 0
5.96148 5.40628 0
5.26148 -3.69372 0
5.26148 -2.99372 0
5.26148 -2.29372 0
5.26148 -1.59372 0
5.26148 -0.893724 0
5.26148 -0.193724 0
5.26148 0.506276 0
5.26148 1.20628 0
5.26148 1.90628 0
5.26148 2.60628 0
5.26148 3.30628 0
5.26148 4.00628 0
5.26148 4.70628 0
5.26148 5.40628 0
4.56148 -3.69372 0
4.56148 -2.99372 0
4.56148 -2.29372 0
4.56148 -1.59372 0
4.56148 -0.893724 0
4.56148 -0.193724 0
4.56148 0.506276 0
4.56148 1.20628 0
4.56148 1.90628 0
4.56148 2.60628 0
4.56148 3.30628 0
4.56148 4.00628 0
4.56148 4.70628 0
4.56148 5.40628 0
3.86148 -3.69372 0
3.86148 -2.99372 0
3.86148 -2.29372 0
3.86148 -1.59372 0
3.86148 -0.893724 0
3.86148 -0.193724 0
3.86148 0.506276 0
3.86148 1.20628 0
3.86148 1.90628 0
3.86148 2.60628 0
3.86148 3.30628 0
3.86148 4.00628 0
3.86148 4.70628 0
3.86148 5.40628 0
3.16148 -3.69372 0
3.16148 -2.99372 0
3.16148 -2.29372 0
3.16148 -1.59372 0
3.16148 -0.893724 0
3.16148 -0.193724 0
3.16148 0.506276 0
3.16148 1.20628 0
3.16148 1.90628 0
3.16148 2.60628 0
3.16148 3.30628 0
3.16148 4.00628 0
3.16148 4.70628 0
3.16148 5.40628 0
2.46148 -3.69372 0
2.46148 -2.99372 0
2.46148 -2.29372 0
2.46148 -1.59372 0
2.46148 -0.893724 0
2.46148 -0.193724 0
2.46148 0.506276 0
2.46148 1.20628 0
2.46148 1.90628 0
2.46148 2.60628 0
2.46148 3.30628 0
2.46148 4.00628 0
2.46148 4.70628 0
2.46148 5.40628 0
1.76148 -3.69372 0
1.76148 -2.99372 0
1.76148 -2.29372 0
1.76148 -1.59372 0
1.76148 -0.893724 0
1.76148 -0.193724 0
1.76148 0.506276 0
1.76148 1.20628 0
1.76148 1.90628 0
1.76148 2.60628 0
1.76148 3.30628 0
1.76148 4.00628 0
1.76148 4.70628 0
1.76148 5.40628 0
1.06148 -3.69372 0
1.06148 -2.99372 0
1.06148 -2.29372 0
1.06148 -1.59372 0
1.06148 -0.893724 0
1.06148 -0.193724 0
1.06148 0.506276 0
1.06148 1.20628 0
1.06148 1.90628 0
1.06148 2.60628 0
1.06148 3.30628 0
1.06148 4.00628 0
1.06148 4.70628 0
1.06148 5.40628 0
0.36148 -3.69372 0
0.36148 -2.99372 0
0.36148 -2.29372 0
0.36148 -1.59372 0
0.36148 -0.893724 0
0.36148 -0.193724 0
0.36148 0.506276 0
0.36148 1.20628 0
0.36148 1.90628 0
0.36148 2.60628 0
0.36148 3.30628 0
0.36148 4.00628 0
0.36148 4.70628 0
