16.2002 -4.54681 -1 0 0
16.2002 -3.84681 -1 0 1
16.2002 -3.14681 -1 0 2
16.2002 -2.44681 -1 0 3
16.2002 -1.74681 -1 0 4
16.2002 -1.04681 -1 0 5
16.2002 -0.34681 -1 0 6
16.2002 0.35319 -1 0 7
16.2002 1.05319 -1 0 8
16.2002 1.75319 -1 0 9
16.2002 2.45319 -1 0 10
16.2002 3.15319 -1 0 11
16.2002 3.85319 -1 0 12
16.2002 4.55319 -1 0 13
16.2002 5.25319 -1 0 14
16.2002 5.95319 -1 0 15
16.2002 6.65319 -1 0 16
16.2002 7.35319 -1 0 17
16.2002 8.05319 -1 0 18
16.2002 8.75319 -1 0 19
16.2002 9.45319 -1 0 20
16.2002 10.1532 -1 0 21
16.2002 10.8532 -1 0 22
16.2002 11.5532 -1 0 23
16.2002 12.2532 -1 0 24
16.2002 12.9532 -1 0 25
16.2002 13.6532 -1 0 26
16.2002 14.3532 -1 0 27
16.2002 15.0532 -1 0 28
16.2002 15.7532 -1 0 29
16.2002 16.4532 -1 0 30
16.2002 17.1532 -1 0 31
16.2002 17.8532 -1 0 32
16.2002 18.5532 -1 0 33
16.2002 19.2532 -1 0 34
16.2002 19.9532 -1 0 35
16.2002 20.6532 -1 0 36
16.2002 21.3532 -1 0 37
16.2002 22.0532 -1 0 38
16.2002 22.7532 -1 0 39
16.2002 23.4532 -1 0 40
16.2002 24.1532 -1 0 41
16.2002 24.8532 -1 0 42
16.2002 25.5532 -1 0 43
16.2002 26.2532 -1 0 44
16.2002 26.9532 -1 0 45
16.2002 27.6532 -1 0 46
16.2002 28.3532 -1 0 47
16.2002 29.0532 -1 0 48
16.2002 29.7532 -1 0 49
16.2002 30.4532 -1 0 50
16.2002 31.1532 -1 0 51
15.5002 -4.54681 -1 1 0
15.5002 -3.84681 -1 1 1
15.5002 -3.14681 -1 1 2
15.5002 -2.44681 -1 1 3
15.5002 -1.74681 -1 1 4
15.5002 -1.04681 -1 1 5
15.5002 -0.34681 -1 1 6
15.5002 0.35319 -1 1 7
15.5002 1.05319 -1 1 8
15.5002 1.75319 -1 1 9
15.5002 2.45319 -1 1 10
15.5002 3.15319 -1 1 11
15.5002 3.85319 -1 1 12
15.5002 4.55319 -1 1 13
15.5002 5.25319 -1 1 14
15.5002 5.95319 -1 1 15
15.5002 6.65319 -1 1 16
15.5002 7.35319 -1 1 17
15.5002 8.05319 -1 1 18
15.5002 8.75319 -1 1 19
15.5002 9.45319 -1 1 20
15.5002 10.1532 -1 1 21
15.5002 10.8532 -1 1 22
15.5002 11.5532 -1 1 23
15.5002 12.2532 -1 1 24
15.5002 12.9532 -1 1 25
15.5002 13.6532 -1 1 26
15.5002 14.3532 -1 1 27
15.5002 15.0532 -1 1 28
15.5002 15.7532 -1 1 29
15.5002 16.4532 -1 1 30
15.5002 17.1532 -1 1 31
15.5002 17.8532 -1 1 32
15.5002 18.5532 -1 1 33
15.5002 19.2532 -1 1 34
15.5002 19.9532 -1 1 35
15.5002 20.6532 -1 1 36
15.5002 21.3532 -1 1 37
15.5002 22.0532 -1 1 38
15.5002 22.7532 -1 1 39
15.5002 23.4532 -1 1 40
15.5002 24.1532 -1 1 41
15.5002 24.8532 -1 1 42
15.5002 25.5532 -1 1 43
15.5002 26.2532 -1 1 44
15.5002 26.9532 -1 1 45
15.5002 27.6532 -1 1 46
15.5002 28.3532 -1 1 47
15.5002 29.0532 -1 1 48
15.5002 29.7532 -1 1 49
15.5002 30.4532 -1 1 50
15.5002 31.1532 -1 1 51
14.8002 -4.54681 -1 2 0
14.8002 -3.84681 -1 2 1
14.8002 -3.14681 -1 2 2
14.8002 -2.44681 -1 2 3
14.8002 -1.74681 -1 2 4
14.8002 -1.04681 -1 2 5
14.8002 -0.34681 -1 2 6
14.8002 0.35319 -1 2 7
14.8002 1.05319 -1 2 8
14.8002 1.75319 -1 2 9
14.8002 2.45319 -1 2 10
14.8002 3.15319 -1 2 11
14.8002 3.85319 -1 2 12
14.8002 4.55319 -1 2 13
14.8002 5.25319 -1 2 14
14.8002 5.95319 -1 2 15
14.8002 6.65319 -1 2 16
14.8002 7.35319 -1 2 17
14.8002 8.05319 -1 2 18
14.8002 8.75319 -1 2 19
14.8002 9.45319 -1 2 20
14.8002 10.1532 -1 2 21
14.8002 10.8532 -1 2 22
14.8002 11.5532 -1 2 23
14.8002 12.2532 -1 2 24
14.8002 12.9532 -1 2 25
14.8002 13.6532 -1 2 26
14.8002 14.3532 -1 2 27
14.8002 15.0532 -1 2 28
14.8002 15.7532 -1 2 29
14.8002 16.4532 -1 2 30
14.8002 17.1532 -1 2 31
14.8002 17.8532 -1 2 32
14.8002 18.5532 -1 2 33
14.8002 19.2532 -1 2 34
14.8002 19.9532 -1 2 35
14.8002 20.6532 -1 2 36
14.8002 21.3532 -1 2 37
14.8002 22.0532 -1 2 38
14.8002 22.7532 -1 2 39
14.8002 23.4532 -1 2 40
14.8002 24.1532 -1 2 41
14.8002 24.8532 -1 2 42
14.8002 25.5532 -1 2 43
14.8002 26.2532 -1 2 44
14.8002 26.9532 -1 2 45
14.8002 27.6532 -1 2 46
14.8002 28.3532 -1 2 47
14.8002 29.0532 -1 2 48
14.8002 29.7532 -1 2 49
14.8002 30.4532 -1 2 50
14.8002 31.1532 -1 2 51
14.1002 -4.54681 -1 3 0
14.1002 -3.84681 -1 3 1
14.1002 -3.14681 -1 3 2
14.1002 -2.44681 -1 3 3
14.1002 -1.74681 -1 3 4
14.1002 -1.04681 -1 3 5
14.1002 -0.34681 -1 3 6
14.1002 0.35319 -1 3 7
14.1002 1.05319 -1 3 8
14.1002 1.75319 -1 3 9
14.1002 2.45319 -1 3 10
14.1002 3.15319 -1 3 11
14.1002 3.85319 -1 3 12
14.1002 4.55319 -1 3 13
14.1002 5.25319 -1 3 14
14.1002 5.95319 -1 3 15
14.1002 6.65319 -1 3 16
14.1002 7.35319 -1 3 17
14.1002 8.05319 -1 3 18
14.1002 8.75319 -1 3 19
14.1002 9.45319 -1 3 20
14.1002 10.1532 -1 3 21
14.1002 10.8532 -1 3 22
14.1002 11.5532 -1 3 23
14.1002 12.2532 -1 3 24
14.1002 12.9532 -1 3 25
14.1002 13.6532 -1 3 26
14.1002 14.3532 -1 3 27
14.1002 15.0532 -1 3 28
14.1002 15.7532 -1 3 29
14.1002 16.4532 -1 3 30
14.1002 17.1532 -1 3 31
14.1002 17.8532 -1 3 32
14.1002 18.5532 -1 3 33
14.1002 19.2532 -1 3 34
14.1002 19.9532 -1 3 35
14.1002 20.6532 -1 3 36
14.1002 21.3532 -1 3 37
14.1002 22.0532 -1 3 38
14.1002 22.7532 -1 3 39
14.1002 23.4532 -1 3 40
14.1002 24.1532 -1 3 41
14.1002 24.8532 -1 3 42
14.1002 25.5532 -1 3 43
14.1002 26.2532 -1 3 44
14.1002 26.9532 -1 3 45
14.1002 27.6532 -1 3 46
14.1002 28.3532 -1 3 47
14.1002 29.0532 -1 3 48
14.1002 29.7532 -1 3 49
14.1002 30.4532 -1 3 50
14.1002 31.1532 -1 3 51
13.4002 -4.54681 -1 4 0
13.4002 -3.84681 -1 4 1
13.4002 -3.14681 -1 4 2
13.4002 -2.44681 -1 4 3
13.4002 -1.74681 -1 4 4
13.4002 -1.04681 -1 4 5
13.4002 -0.34681 -1 4 6
13.4002 0.35319 -1 4 7
13.4002 1.05319 -1 4 8
13.4002 1.75319 -1 4 9
13.4002 2.45319 -1 4 10
13.4002 3.15319 -1 4 11
13.4002 3.85319 -1 4 12
13.4002 4.55319 -1 4 13
13.4002 5.25319 -1 4 14
13.4002 5.95319 -1 4 15
13.4002 6.65319 -1 4 16
13.4002 7.35319 -1 4 17
13.4002 8.05319 -1 4 18
13.4002 8.75319 -1 4 19
13.4002 9.45319 -1 4 20
13.4002 10.1532 -1 4 21
13.4002 10.8532 -1 4 22
13.4002 11.5532 -1 4 23
13.4002 12.2532 -1 4 24
13.4002 12.9532 -1 4 25
13.4002 13.6532 -1 4 26
13.4002 14.3532 -1 4 27
13.4002 15.0532 -1 4 28
13.4002 15.7532 -1 4 29
13.4002 16.4532 -1 4 30
13.4002 17.1532 -1 4 31
13.4002 17.8532 -1 4 32
13.4002 18.5532 -1 4 33
13.4002 19.2532 -1 4 34
13.4002 19.9532 -1 4 35
13.4002 20.6532 -1 4 36
13.4002 21.3532 -1 4 37
13.4002 22.0532 -1 4 38
13.4002 22.7532 -1 4 39
13.4002 23.4532 -1 4 40
13.4002 24.1532 -1 4 41
13.4002 24.8532 -1 4 42
13.4002 25.5532 -1 4 43
13.4002 26.2532 -1 4 44
13.4002 26.9532 -1 4 45
13.4002 27.6532 -1 4 46
13.4002 28.3532 -1 4 47
13.4002 29.0532 -1 4 48
13.4002 29.7532 -1 4 49
13.4002 30.4532 -1 4 50
13.4002 31.1532 -1 4 51
12.7002 -4.54681 -1 5 0
12.7002 -3.84681 -1 5 1
12.7002 -3.14681 -1 5 2
12.7002 -2.44681 -1 5 3
12.7002 -1.74681 -1 5 4
12.7002 -1.04681 -1 5 5
12.7002 -0.34681 -1 5 6
12.7002 0.35319 -1 5 7
12.7002 1.05319 -1 5 8
12.7002 1.75319 -1 5 9
12.7002 2.45319 -1 5 10
12.7002 3.15319 -1 5 11
12.7002 3.85319 -1 5 12
12.7002 4.55319 1 5 13
12.7002 5.25319 -1 5 14
12.7002 5.95319 -1 5 15
12.7002 6.65319 1 5 16
12.7002 7.35319 -1 5 17
12.7002 8.05319 -1 5 18
12.7002 8.75319 -1 5 19
12.7002 9.45319 -1 5 20
12.7002 10.1532 -1 5 21
12.7002 10.8532 -1 5 22
12.7002 11.5532 -1 5 23
12.7002 12.2532 -1 5 24
12.7002 12.9532 -1 5 25
12.7002 13.6532 -1 5 26
12.7002 14.3532 -1 5 27
12.7002 15.0532 -1 5 28
12.7002 15.7532 -1 5 29
12.7002 16.4532 -1 5 30
12.7002 17.1532 -1 5 31
12.7002 17.8532 -1 5 32
12.7002 18.5532 -1 5 33
12.7002 19.2532 -1 5 34
12.7002 19.9532 -1 5 35
12.7002 20.6532 -1 5 36
12.7002 21.3532 -1 5 37
12.7002 22.0532 -1 5 38
12.7002 22.7532 -1 5 39
12.7002 23.4532 -1 5 40
12.7002 24.1532 -1 5 41
12.7002 24.8532 -1 5 42
12.7002 25.5532 -1 5 43
12.7002 26.2532 -1 5 44
12.7002 26.9532 -1 5 45
12.7002 27.6532 -1 5 46
12.7002 28.3532 -1 5 47
12.7002 29.0532 -1 5 48
12.7002 29.7532 -1 5 49
12.7002 30.4532 -1 5 50
12.7002 31.1532 -1 5 51
12.0002 -4.54681 -1 6 0
12.0002 -3.84681 -1 6 1
12.0002 -3.14681 -1 6 2
12.0002 -2.44681 -1 6 3
12.0002 -1.74681 -1 6 4
12.0002 -1.04681 -1 6 5
12.0002 -0.34681 -1 6 6
12.0002 0.35319 -1 6 7
12.0002 1.05319 -1 6 8
12.0002 1.75319 -1 6 9
12.0002 2.45319 -1 6 10
12.0002 3.15319 -1 6 11
12.0002 3.85319 -1 6 12
12.0002 4.55319 -1 6 13
12.0002 5.25319 -1 6 14
12.0002 5.95319 -1 6 15
12.0002 6.65319 -1 6 16
12.0002 7.35319 -1 6 17
12.0002 8.05319 -1 6 18
12.0002 8.75319 -1 6 19
12.0002 9.45319 -1 6 20
12.0002 10.1532 -1 6 21
12.0002 10.8532 -1 6 22
12.0002 11.5532 -1 6 23
12.0002 12.2532 -1 6 24
12.0002 12.9532 -1 6 25
12.0002 13.6532 -1 6 26
12.0002 14.3532 -1 6 27
12.0002 15.0532 -1 6 28
12.0002 15.7532 -1 6 29
12.0002 16.4532 -1 6 30
12.0002 17.1532 -1 6 31
12.0002 17.8532 -1 6 32
12.0002 18.5532 -1 6 33
12.0002 19.2532 -1 6 34
12.0002 19.9532 -1 6 35
12.0002 20.6532 -1 6 36
12.0002 21.3532 -1 6 37
12.0002 22.0532 -1 6 38
12.0002 22.7532 -1 6 39
12.0002 23.4532 -1 6 40
12.0002 24.1532 -1 6 41
12.0002 24.8532 -1 6 42
12.0002 25.5532 -1 6 43
12.0002 26.2532 -1 6 44
12.0002 26.9532 -1 6 45
12.0002 27.6532 -1 6 46
12.0002 28.3532 -1 6 47
12.0002 29.0532 -1 6 48
12.0002 29.7532 -1 6 49
12.0002 30.4532 -1 6 50
12.0002 31.1532 -1 6 51
11.3002 -4.54681 -1 7 0
11.3002 -3.84681 -1 7 1
11.3002 -3.14681 -1 7 2
11.3002 -2.44681 -1 7 3
11.3002 -1.74681 -1 7 4
11.3002 -1.04681 -1 7 5
11.3002 -0.34681 -1 7 6
11.3002 0.35319 -1 7 7
11.3002 1.05319 -1 7 8
11.3002 1.75319 -1 7 9
11.3002 2.45319 -1 7 10
11.3002 3.15319 -1 7 11
11.3002 3.85319 -1 7 12
11.3002 4.55319 -1 7 13
11.3002 5.25319 1 7 14
11.3002 5.95319 1 7 15
11.3002 6.65319 -1 7 16
11.3002 7.35319 -1 7 17
11.3002 8.05319 -1 7 18
11.3002 8.75319 -1 7 19
11.3002 9.45319 -1 7 20
11.3002 10.1532 -1 7 21
11.3002 10.8532 -1 7 22
11.3002 11.5532 -1 7 23
11.3002 12.2532 -1 7 24
11.3002 12.9532 -1 7 25
11.3002 13.6532 -1 7 26
11.3002 14.3532 -1 7 27
11.3002 15.0532 -1 7 28
11.3002 15.7532 -1 7 29
11.3002 16.4532 -1 7 30
11.3002 17.1532 -1 7 31
11.3002 17.8532 -1 7 32
11.3002 18.5532 -1 7 33
11.3002 19.2532 -1 7 34
11.3002 19.9532 -1 7 35
11.3002 20.6532 -1 7 36
11.3002 21.3532 -1 7 37
11.3002 22.0532 -1 7 38
11.3002 22.7532 -1 7 39
11.3002 23.4532 -1 7 40
11.3002 24.1532 -1 7 41
11.3002 24.8532 -1 7 42
11.3002 25.5532 -1 7 43
11.3002 26.2532 -1 7 44
11.3002 26.9532 -1 7 45
11.3002 27.6532 -1 7 46
11.3002 28.3532 -1 7 47
11.3002 29.0532 -1 7 48
11.3002 29.7532 -1 7 49
11.3002 30.4532 -1 7 50
11.3002 31.1532 -1 7 51
10.6002 -4.54681 -1 8 0
10.6002 -3.84681 -1 8 1
10.6002 -3.14681 -1 8 2
10.6002 -2.44681 -1 8 3
10.6002 -1.74681 -1 8 4
10.6002 -1.04681 -1 8 5
10.6002 -0.34681 -1 8 6
10.6002 0.35319 -1 8 7
10.6002 1.05319 -1 8 8
10.6002 1.75319 -1 8 9
10.6002 2.45319 -1 8 10
10.6002 3.15319 -1 8 11
10.6002 3.85319 -1 8 12
10.6002 4.55319 -1 8 13
10.6002 5.25319 1 8 14
10.6002 5.95319 1 8 15
10.6002 6.65319 1 8 16
10.6002 7.35319 -1 8 17
10.6002 8.05319 -1 8 18
10.6002 8.75319 -1 8 19
10.6002 9.45319 -1 8 20
10.6002 10.1532 -1 8 21
10.6002 10.8532 -1 8 22
10.6002 11.5532 -1 8 23
10.6002 12.2532 -1 8 24
10.6002 12.9532 -1 8 25
10.6002 13.6532 -1 8 26
10.6002 14.3532 -1 8 27
10.6002 15.0532 -1 8 28
10.6002 15.7532 -1 8 29
10.6002 16.4532 -1 8 30
10.6002 17.1532 -1 8 31
10.6002 17.8532 -1 8 32
10.6002 18.5532 -1 8 33
10.6002 19.2532 -1 8 34
10.6002 19.9532 -1 8 35
10.6002 20.6532 -1 8 36
10.6002 21.3532 -1 8 37
10.6002 22.0532 -1 8 38
10.6002 22.7532 -1 8 39
10.6002 23.4532 -1 8 40
10.6002 24.1532 -1 8 41
10.6002 24.8532 -1 8 42
10.6002 25.5532 -1 8 43
10.6002 26.2532 -1 8 44
10.6002 26.9532 -1 8 45
10.6002 27.6532 -1 8 46
10.6002 28.3532 -1 8 47
10.6002 29.0532 -1 8 48
10.6002 29.7532 -1 8 49
10.6002 30.4532 -1 8 50
10.6002 31.1532 -1 8 51
9.9002 -4.54681 -1 9 0
9.9002 -3.84681 -1 9 1
9.9002 -3.14681 -1 9 2
9.9002 -2.44681 -1 9 3
9.9002 -1.74681 -1 9 4
9.9002 -1.04681 -1 9 5
9.9002 -0.34681 -1 9 6
9.9002 0.35319 -1 9 7
9.9002 1.05319 -1 9 8
9.9002 1.75319 -1 9 9
9.9002 2.45319 -1 9 10
9.9002 3.15319 -1 9 11
9.9002 3.85319 -1 9 12
9.9002 4.55319 -1 9 13
9.9002 5.25319 -1 9 14
9.9002 5.95319 1 9 15
9.9002 6.65319 1 9 16
9.9002 7.35319 1 9 17
9.9002 8.05319 -1 9 18
9.9002 8.75319 -1 9 19
9.9002 9.45319 -1 9 20
9.9002 10.1532 -1 9 21
9.9002 10.8532 -1 9 22
9.9002 11.5532 -1 9 23
9.9002 12.2532 -1 9 24
9.9002 12.9532 -1 9 25
9.9002 13.6532 -1 9 26
9.9002 14.3532 -1 9 27
9.9002 15.0532 -1 9 28
9.9002 15.7532 -1 9 29
9.9002 16.4532 -1 9 30
9.9002 17.1532 -1 9 31
9.9002 17.8532 -1 9 32
9.9002 18.5532 -1 9 33
9.9002 19.2532 -1 9 34
9.9002 19.9532 -1 9 35
9.9002 20.6532 -1 9 36
9.9002 21.3532 -1 9 37
9.9002 22.0532 -1 9 38
9.9002 22.7532 -1 9 39
9.9002 23.4532 -1 9 40
9.9002 24.1532 -1 9 41
9.9002 24.8532 -1 9 42
9.9002 25.5532 -1 9 43
9.9002 26.2532 -1 9 44
9.9002 26.9532 -1 9 45
9.9002 27.6532 -1 9 46
9.9002 28.3532 -1 9 47
9.9002 29.0532 -1 9 48
9.9002 29.7532 -1 9 49
9.9002 30.4532 -1 9 50
9.9002 31.1532 -1 9 51
9.2002 -4.54681 -1 10 0
9.2002 -3.84681 -1 10 1
9.2002 -3.14681 -1 10 2
9.2002 -2.44681 -1 10 3
9.2002 -1.74681 -1 10 4
9.2002 -1.04681 -1 10 5
9.2002 -0.34681 -1 10 6
9.2002 0.35319 -1 10 7
9.2002 1.05319 -1 10 8
9.2002 1.75319 -1 10 9
9.2002 2.45319 -1 10 10
9.2002 3.15319 -1 10 11
9.2002 3.85319 -1 10 12
9.2002 4.55319 -1 10 13
9.2002 5.25319 -1 10 14
9.2002 5.95319 1 10 15
9.2002 6.65319 1 10 16
9.2002 7.35319 1 10 17
9.2002 8.05319 1 10 18
9.2002 8.75319 -1 10 19
9.2002 9.45319 -1 10 20
9.2002 10.1532 -1 10 21
9.2002 10.8532 -1 10 22
9.2002 11.5532 -1 10 23
9.2002 12.2532 -1 10 24
9.2002 12.9532 -1 10 25
9.2002 13.6532 -1 10 26
9.2002 14.3532 -1 10 27
9.2002 15.0532 -1 10 28
9.2002 15.7532 -1 10 29
9.2002 16.4532 -1 10 30
9.2002 17.1532 -1 10 31
9.2002 17.8532 -1 10 32
9.2002 18.5532 -1 10 33
9.2002 19.2532 -1 10 34
9.2002 19.9532 -1 10 35
9.2002 20.6532 -1 10 36
9.2002 21.3532 -1 10 37
9.2002 22.0532 -1 10 38
9.2002 22.7532 -1 10 39
9.2002 23.4532 -1 10 40
9.2002 24.1532 -1 10 41
9.2002 24.8532 -1 10 42
9.2002 25.5532 -1 10 43
9.2002 26.2532 -1 10 44
9.2002 26.9532 -1 10 45
9.2002 27.6532 -1 10 46
9.2002 28.3532 -1 10 47
9.2002 29.0532 -1 10 48
9.2002 29.7532 -1 10 49
9.2002 30.4532 -1 10 50
9.2002 31.1532 -1 10 51
8.5002 -4.54681 -1 11 0
8.5002 -3.84681 -1 11 1
8.5002 -3.14681 -1 11 2
8.5002 -2.44681 -1 11 3
8.5002 -1.74681 -1 11 4
8.5002 -1.04681 -1 11 5
8.5002 -0.34681 1 11 6
8.5002 0.35319 -1 11 7
8.5002 1.05319 -1 11 8
8.5002 1.75319 -1 11 9
8.5002 2.45319 -1 11 10
8.5002 3.15319 -1 11 11
8.5002 3.85319 -1 11 12
8.5002 4.55319 -1 11 13
8.5002 5.25319 -1 11 14
8.5002 5.95319 1 11 15
8.5002 6.65319 1 11 16
8.5002 7.35319 1 11 17
8.5002 8.05319 -1 11 18
8.5002 8.75319 -1 11 19
8.5002 9.45319 -1 11 20
8.5002 10.1532 -1 11 21
8.5002 10.8532 -1 11 22
8.5002 11.5532 -1 11 23
8.5002 12.2532 -1 11 24
8.5002 12.9532 -1 11 25
8.5002 13.6532 -1 11 26
8.5002 14.3532 -1 11 27
8.5002 15.0532 -1 11 28
8.5002 15.7532 -1 11 29
8.5002 16.4532 -1 11 30
8.5002 17.1532 -1 11 31
8.5002 17.8532 -1 11 32
8.5002 18.5532 -1 11 33
8.5002 19.2532 -1 11 34
8.5002 19.9532 -1 11 35
8.5002 20.6532 -1 11 36
8.5002 21.3532 -1 11 37
8.5002 22.0532 -1 11 38
8.5002 22.7532 -1 11 39
8.5002 23.4532 -1 11 40
8.5002 24.1532 -1 11 41
8.5002 24.8532 -1 11 42
8.5002 25.5532 -1 11 43
8.5002 26.2532 -1 11 44
8.5002 26.9532 -1 11 45
8.5002 27.6532 -1 11 46
8.5002 28.3532 -1 11 47
8.5002 29.0532 -1 11 48
8.5002 29.7532 -1 11 49
8.5002 30.4532 -1 11 50
8.5002 31.1532 -1 11 51
7.8002 -4.54681 -1 12 0
7.8002 -3.84681 -1 12 1
7.8002 -3.14681 -1 12 2
7.8002 -2.44681 -1 12 3
7.8002 -1.74681 -1 12 4
7.8002 -1.04681 -1 12 5
7.8002 -0.34681 1 12 6
7.8002 0.35319 -1 12 7
7.8002 1.05319 -1 12 8
7.8002 1.75319 -1 12 9
7.8002 2.45319 -1 12 10
7.8002 3.15319 -1 12 11
7.8002 3.85319 -1 12 12
7.8002 4.55319 -1 12 13
7.8002 5.25319 -1 12 14
7.8002 5.95319 1 12 15
7.8002 6.65319 1 12 16
7.8002 7.35319 1 12 17
7.8002 8.05319 -1 12 18
7.8002 8.75319 -1 12 19
7.8002 9.45319 -1 12 20
7.8002 10.1532 -1 12 21
7.8002 10.8532 -1 12 22
7.8002 11.5532 -1 12 23
7.8002 12.2532 -1 12 24
7.8002 12.9532 -1 12 25
7.8002 13.6532 -1 12 26
7.8002 14.3532 -1 12 27
7.8002 15.0532 -1 12 28
7.8002 15.7532 -1 12 29
7.8002 16.4532 -1 12 30
7.8002 17.1532 -1 12 31
7.8002 17.8532 -1 12 32
7.8002 18.5532 -1 12 33
7.8002 19.2532 -1 12 34
7.8002 19.9532 -1 12 35
7.8002 20.6532 -1 12 36
7.8002 21.3532 -1 12 37
7.8002 22.0532 -1 12 38
7.8002 22.7532 -1 12 39
7.8002 23.4532 -1 12 40
7.8002 24.1532 -1 12 41
7.8002 24.8532 -1 12 42
7.8002 25.5532 -1 12 43
7.8002 26.2532 -1 12 44
7.8002 26.9532 -1 12 45
7.8002 27.6532 -1 12 46
7.8002 28.3532 -1 12 47
7.8002 29.0532 -1 12 48
7.8002 29.7532 -1 12 49
7.8002 30.4532 -1 12 50
7.8002 31.1532 -1 12 51
7.1002 -4.54681 -1 13 0
7.1002 -3.84681 -1 13 1
7.1002 -3.14681 -1 13 2
7.1002 -2.44681 -1 13 3
7.1002 -1.74681 1 13 4
7.1002 -1.04681 -1 13 5
7.1002 -0.34681 -1 13 6
7.1002 0.35319 1 13 7
7.1002 1.05319 1 13 8
7.1002 1.75319 -1 13 9
7.1002 2.45319 -1 13 10
7.1002 3.15319 -1 13 11
7.1002 3.85319 -1 13 12
7.1002 4.55319 -1 13 13
7.1002 5.25319 -1 13 14
7.1002 5.95319 1 13 15
7.1002 6.65319 1 13 16
7.1002 7.35319 1 13 17
7.1002 8.05319 -1 13 18
7.1002 8.75319 -1 13 19
7.1002 9.45319 -1 13 20
7.1002 10.1532 -1 13 21
7.1002 10.8532 -1 13 22
7.1002 11.5532 -1 13 23
7.1002 12.2532 -1 13 24
7.1002 12.9532 -1 13 25
7.1002 13.6532 -1 13 26
7.1002 14.3532 -1 13 27
7.1002 15.0532 -1 13 28
7.1002 15.7532 -1 13 29
7.1002 16.4532 -1 13 30
7.1002 17.1532 -1 13 31
7.1002 17.8532 -1 13 32
7.1002 18.5532 -1 13 33
7.1002 19.2532 -1 13 34
7.1002 19.9532 -1 13 35
7.1002 20.6532 -1 13 36
7.1002 21.3532 -1 13 37
7.1002 22.0532 -1 13 38
7.1002 22.7532 -1 13 39
7.1002 23.4532 -1 13 40
7.1002 24.1532 -1 13 41
7.1002 24.8532 -1 13 42
7.1002 25.5532 -1 13 43
7.1002 26.2532 -1 13 44
7.1002 26.9532 -1 13 45
7.1002 27.6532 -1 13 46
7.1002 28.3532 -1 13 47
7.1002 29.0532 -1 13 48
7.1002 29.7532 -1 13 49
7.1002 30.4532 -1 13 50
7.1002 31.1532 -1 13 51
6.4002 -4.54681 -1 14 0
6.4002 -3.84681 -1 14 1
6.4002 -3.14681 -1 14 2
6.4002 -2.44681 -1 14 3
6.4002 -1.74681 1 14 4
6.4002 -1.04681 -1 14 5
6.4002 -0.34681 -1 14 6
6.4002 0.35319 1 14 7
6.4002 1.05319 -1 14 8
6.4002 1.75319 -1 14 9
6.4002 2.45319 -1 14 10
6.4002 3.15319 -1 14 11
6.4002 3.85319 -1 14 12
6.4002 4.55319 -1 14 13
6.4002 5.25319 -1 14 14
6.4002 5.95319 1 14 15
6.4002 6.65319 1 14 16
6.4002 7.35319 1 14 17
6.4002 8.05319 -1 14 18
6.4002 8.75319 -1 14 19
6.4002 9.45319 -1 14 20
6.4002 10.1532 -1 14 21
6.4002 10.8532 -1 14 22
6.4002 11.5532 -1 14 23
6.4002 12.2532 -1 14 24
6.4002 12.9532 -1 14 25
6.4002 13.6532 -1 14 26
6.4002 14.3532 -1 14 27
6.4002 15.0532 -1 14 28
6.4002 15.7532 -1 14 29
6.4002 16.4532 -1 14 30
6.4002 17.1532 -1 14 31
6.4002 17.8532 -1 14 32
6.4002 18.5532 -1 14 33
6.4002 19.2532 -1 14 34
6.4002 19.9532 -1 14 35
6.4002 20.6532 -1 14 36
6.4002 21.3532 -1 14 37
6.4002 22.0532 -1 14 38
6.4002 22.7532 -1 14 39
6.4002 23.4532 -1 14 40
6.4002 24.1532 -1 14 41
6.4002 24.8532 -1 14 42
6.4002 25.5532 -1 14 43
6.4002 26.2532 -1 14 44
6.4002 26.9532 -1 14 45
6.4002 27.6532 -1 14 46
6.4002 28.3532 -1 14 47
6.4002 29.0532 -1 14 48
6.4002 29.7532 -1 14 49
6.4002 30.4532 -1 14 50
6.4002 31.1532 -1 14 51
5.7002 -4.54681 -1 15 0
5.7002 -3.84681 -1 15 1
5.7002 -3.14681 -1 15 2
5.7002 -2.44681 -1 15 3
5.7002 -1.74681 1 15 4
5.7002 -1.04681 1 15 5
5.7002 -0.34681 -1 15 6
5.7002 0.35319 1 15 7
5.7002 1.05319 1 15 8
5.7002 1.75319 -1 15 9
5.7002 2.45319 -1 15 10
5.7002 3.15319 1 15 11
5.7002 3.85319 1 15 12
5.7002 4.55319 1 15 13
5.7002 5.25319 -1 15 14
5.7002 5.95319 1 15 15
5.7002 6.65319 1 15 16
5.7002 7.35319 1 15 17
5.7002 8.05319 1 15 18
5.7002 8.75319 1 15 19
5.7002 9.45319 1 15 20
5.7002 10.1532 1 15 21
5.7002 10.8532 -1 15 22
5.7002 11.5532 -1 15 23
5.7002 12.2532 -1 15 24
5.7002 12.9532 -1 15 25
5.7002 13.6532 -1 15 26
5.7002 14.3532 -1 15 27
5.7002 15.0532 -1 15 28
5.7002 15.7532 -1 15 29
5.7002 16.4532 -1 15 30
5.7002 17.1532 -1 15 31
5.7002 17.8532 -1 15 32
5.7002 18.5532 -1 15 33
5.7002 19.2532 -1 15 34
5.7002 19.9532 -1 15 35
5.7002 20.6532 -1 15 36
5.7002 21.3532 -1 15 37
5.7002 22.0532 -1 15 38
5.7002 22.7532 -1 15 39
5.7002 23.4532 -1 15 40
5.7002 24.1532 -1 15 41
5.7002 24.8532 -1 15 42
5.7002 25.5532 -1 15 43
5.7002 26.2532 -1 15 44
5.7002 26.9532 -1 15 45
5.7002 27.6532 -1 15 46
5.7002 28.3532 -1 15 47
5.7002 29.0532 -1 15 48
5.7002 29.7532 -1 15 49
5.7002 30.4532 -1 15 50
5.7002 31.1532 -1 15 51
5.0002 -4.54681 -1 16 0
5.0002 -3.84681 -1 16 1
5.0002 -3.14681 -1 16 2
5.0002 -2.44681 -1 16 3
5.0002 -1.74681 1 16 4
5.0002 -1.04681 1 16 5
5.0002 -0.34681 -1 16 6
5.0002 0.35319 1 16 7
5.0002 1.05319 1 16 8
5.0002 1.75319 -1 16 9
5.0002 2.45319 -1 16 10
5.0002 3.15319 1 16 11
5.0002 3.85319 1 16 12
5.0002 4.55319 1 16 13
5.0002 5.25319 -1 16 14
5.0002 5.95319 1 16 15
5.0002 6.65319 1 16 16
5.0002 7.35319 1 16 17
5.0002 8.05319 1 16 18
5.0002 8.75319 1 16 19
5.0002 9.45319 1 16 20
5.0002 10.1532 1 16 21
5.0002 10.8532 -1 16 22
5.0002 11.5532 -1 16 23
5.0002 12.2532 -1 16 24
5.0002 12.9532 -1 16 25
5.0002 13.6532 -1 16 26
5.0002 14.3532 -1 16 27
5.0002 15.0532 -1 16 28
5.0002 15.7532 -1 16 29
5.0002 16.4532 -1 16 30
5.0002 17.1532 -1 16 31
5.0002 17.8532 -1 16 32
5.0002 18.5532 -1 16 33
5.0002 19.2532 -1 16 34
5.0002 19.9532 -1 16 35
5.0002 20.6532 -1 16 36
5.0002 21.3532 -1 16 37
5.0002 22.0532 -1 16 38
5.0002 22.7532 -1 16 39
5.0002 23.4532 -1 16 40
5.0002 24.1532 -1 16 41
5.0002 24.8532 -1 16 42
5.0002 25.5532 -1 16 43
5.0002 26.2532 -1 16 44
5.0002 26.9532 -1 16 45
5.0002 27.6532 -1 16 46
5.0002 28.3532 -1 16 47
5.0002 29.0532 -1 16 48
5.0002 29.7532 -1 16 49
5.0002 30.4532 -1 16 50
5.0002 31.1532 -1 16 51
4.3002 -4.54681 -1 17 0
4.3002 -3.84681 -1 17 1
4.3002 -3.14681 -1 17 2
4.3002 -2.44681 -1 17 3
4.3002 -1.74681 -1 17 4
4.3002 -1.04681 1 17 5
4.3002 -0.34681 1 17 6
4.3002 0.35319 1 17 7
4.3002 1.05319 1 17 8
4.3002 1.75319 -1 17 9
4.3002 2.45319 -1 17 10
4.3002 3.15319 1 17 11
4.3002 3.85319 1 17 12
4.3002 4.55319 -1 17 13
4.3002 5.25319 -1 17 14
4.3002 5.95319 1 17 15
4.3002 6.65319 1 17 16
4.3002 7.35319 1 17 17
4.3002 8.05319 1 17 18
4.3002 8.75319 1 17 19
4.3002 9.45319 1 17 20
4.3002 10.1532 -1 17 21
4.3002 10.8532 -1 17 22
4.3002 11.5532 -1 17 23
4.3002 12.2532 -1 17 24
4.3002 12.9532 -1 17 25
4.3002 13.6532 -1 17 26
4.3002 14.3532 -1 17 27
4.3002 15.0532 -1 17 28
4.3002 15.7532 -1 17 29
4.3002 16.4532 -1 17 30
4.3002 17.1532 -1 17 31
4.3002 17.8532 -1 17 32
4.3002 18.5532 -1 17 33
4.3002 19.2532 -1 17 34
4.3002 19.9532 -1 17 35
4.3002 20.6532 -1 17 36
4.3002 21.3532 -1 17 37
4.3002 22.0532 -1 17 38
4.3002 22.7532 -1 17 39
4.3002 23.4532 -1 17 40
4.3002 24.1532 -1 17 41
4.3002 24.8532 -1 17 42
4.3002 25.5532 -1 17 43
4.3002 26.2532 -1 17 44
4.3002 26.9532 -1 17 45
4.3002 27.6532 -1 17 46
4.3002 28.3532 -1 17 47
4.3002 29.0532 -1 17 48
4.3002 29.7532 -1 17 49
4.3002 30.4532 -1 17 50
4.3002 31.1532 -1 17 51
3.6002 -4.54681 -1 18 0
3.6002 -3.84681 -1 18 1
3.6002 -3.14681 -1 18 2
3.6002 -2.44681 -1 18 3
3.6002 -1.74681 -1 18 4
3.6002 -1.04681 -1 18 5
3.6002 -0.34681 1 18 6
3.6002 0.35319 1 18 7
3.6002 1.05319 -1 18 8
3.6002 1.75319 -1 18 9
3.6002 2.45319 -1 18 10
3.6002 3.15319 -1 18 11
3.6002 3.85319 -1 18 12
3.6002 4.55319 -1 18 13
3.6002 5.25319 -1 18 14
3.6002 5.95319 1 18 15
3.6002 6.65319 1 18 16
3.6002 7.35319 1 18 17
3.6002 8.05319 1 18 18
3.6002 8.75319 1 18 19
3.6002 9.45319 -1 18 20
3.6002 10.1532 -1 18 21
3.6002 10.8532 -1 18 22
3.6002 11.5532 -1 18 23
3.6002 12.2532 -1 18 24
3.6002 12.9532 -1 18 25
3.6002 13.6532 -1 18 26
3.6002 14.3532 -1 18 27
3.6002 15.0532 -1 18 28
3.6002 15.7532 -1 18 29
3.6002 16.4532 -1 18 30
3.6002 17.1532 -1 18 31
3.6002 17.8532 -1 18 32
3.6002 18.5532 -1 18 33
3.6002 19.2532 -1 18 34
3.6002 19.9532 -1 18 35
3.6002 20.6532 1 18 36
3.6002 21.3532 -1 18 37
3.6002 22.0532 -1 18 38
3.6002 22.7532 -1 18 39
3.6002 23.4532 -1 18 40
3.6002 24.1532 -1 18 41
3.6002 24.8532 -1 18 42
3.6002 25.5532 -1 18 43
3.6002 26.2532 -1 18 44
3.6002 26.9532 -1 18 45
3.6002 27.6532 -1 18 46
3.6002 28.3532 -1 18 47
3.6002 29.0532 -1 18 48
3.6002 29.7532 -1 18 49
3.6002 30.4532 -1 18 50
3.6002 31.1532 -1 18 51
2.9002 -4.54681 -1 19 0
2.9002 -3.84681 -1 19 1
2.9002 -3.14681 -1 19 2
2.9002 -2.44681 -1 19 3
2.9002 -1.74681 -1 19 4
2.9002 -1.04681 -1 19 5
2.9002 -0.34681 -1 19 6
2.9002 0.35319 1 19 7
2.9002 1.05319 1 19 8
2.9002 1.75319 1 19 9
2.9002 2.45319 1 19 10
2.9002 3.15319 1 19 11
2.9002 3.85319 1 19 12
2.9002 4.55319 -1 19 13
2.9002 5.25319 -1 19 14
2.9002 5.95319 1 19 15
2.9002 6.65319 1 19 16
2.9002 7.35319 1 19 17
2.9002 8.05319 1 19 18
2.9002 8.75319 -1 19 19
2.9002 9.45319 -1 19 20
2.9002 10.1532 -1 19 21
2.9002 10.8532 -1 19 22
2.9002 11.5532 -1 19 23
2.9002 12.2532 -1 19 24
2.9002 12.9532 -1 19 25
2.9002 13.6532 -1 19 26
2.9002 14.3532 -1 19 27
2.9002 15.0532 -1 19 28
2.9002 15.7532 -1 19 29
2.9002 16.4532 -1 19 30
2.9002 17.1532 -1 19 31
2.9002 17.8532 -1 19 32
2.9002 18.5532 -1 19 33
2.9002 19.2532 -1 19 34
2.9002 19.9532 -1 19 35
2.9002 20.6532 1 19 36
2.9002 21.3532 -1 19 37
2.9002 22.0532 -1 19 38
2.9002 22.7532 -1 19 39
2.9002 23.4532 -1 19 40
2.9002 24.1532 -1 19 41
2.9002 24.8532 -1 19 42
2.9002 25.5532 -1 19 43
2.9002 26.2532 -1 19 44
2.9002 26.9532 -1 19 45
2.9002 27.6532 -1 19 46
2.9002 28.3532 -1 19 47
2.9002 29.0532 -1 19 48
2.9002 29.7532 -1 19 49
2.9002 30.4532 -1 19 50
2.9002 31.1532 -1 19 51
2.2002 -4.54681 -1 20 0
2.2002 -3.84681 -1 20 1
2.2002 -3.14681 -1 20 2
2.2002 -2.44681 -1 20 3
2.2002 -1.74681 1 20 4
2.2002 -1.04681 -1 20 5
2.2002 -0.34681 -1 20 6
2.2002 0.35319 1 20 7
2.2002 1.05319 1 20 8
2.2002 1.75319 1 20 9
2.2002 2.45319 1 20 10
2.2002 3.15319 -1 20 11
2.2002 3.85319 -1 20 12
2.2002 4.55319 -1 20 13
2.2002 5.25319 -1 20 14
2.2002 5.95319 1 20 15
2.2002 6.65319 1 20 16
2.2002 7.35319 1 20 17
2.2002 8.05319 1 20 18
2.2002 8.75319 -1 20 19
2.2002 9.45319 -1 20 20
2.2002 10.1532 1 20 21
2.2002 10.8532 1 20 22
2.2002 11.5532 1 20 23
2.2002 12.2532 -1 20 24
2.2002 12.9532 -1 20 25
2.2002 13.6532 -1 20 26
2.2002 14.3532 -1 20 27
2.2002 15.0532 -1 20 28
2.2002 15.7532 -1 20 29
2.2002 16.4532 -1 20 30
2.2002 17.1532 -1 20 31
2.2002 17.8532 -1 20 32
2.2002 18.5532 -1 20 33
2.2002 19.2532 -1 20 34
2.2002 19.9532 1 20 35
2.2002 20.6532 1 20 36
2.2002 21.3532 -1 20 37
2.2002 22.0532 -1 20 38
2.2002 22.7532 -1 20 39
2.2002 23.4532 -1 20 40
2.2002 24.1532 -1 20 41
2.2002 24.8532 -1 20 42
2.2002 25.5532 -1 20 43
2.2002 26.2532 -1 20 44
2.2002 26.9532 -1 20 45
2.2002 27.6532 -1 20 46
2.2002 28.3532 -1 20 47
2.2002 29.0532 -1 20 48
2.2002 29.7532 -1 20 49
2.2002 30.4532 -1 20 50
2.2002 31.1532 -1 20 51
1.5002 -4.54681 -1 21 0
1.5002 -3.84681 -1 21 1
1.5002 -3.14681 -1 21 2
1.5002 -2.44681 -1 21 3
1.5002 -1.74681 1 21 4
1.5002 -1.04681 1 21 5
1.5002 -0.34681 -1 21 6
1.5002 0.35319 -1 21 7
1.5002 1.05319 1 21 8
1.5002 1.75319 -1 21 9
1.5002 2.45319 -1 21 10
1.5002 3.15319 -1 21 11
1.5002 3.85319 -1 21 12
1.5002 4.55319 -1 21 13
1.5002 5.25319 -1 21 14
1.5002 5.95319 -1 21 15
1.5002 6.65319 1 21 16
1.5002 7.35319 1 21 17
1.5002 8.05319 1 21 18
1.5002 8.75319 1 21 19
1.5002 9.45319 1 21 20
1.5002 10.1532 1 21 21
1.5002 10.8532 1 21 22
1.5002 11.5532 -1 21 23
1.5002 12.2532 -1 21 24
1.5002 12.9532 -1 21 25
1.5002 13.6532 -1 21 26
1.5002 14.3532 -1 21 27
1.5002 15.0532 -1 21 28
1.5002 15.7532 -1 21 29
1.5002 16.4532 -1 21 30
1.5002 17.1532 -1 21 31
1.5002 17.8532 -1 21 32
1.5002 18.5532 -1 21 33
1.5002 19.2532 -1 21 34
1.5002 19.9532 -1 21 35
1.5002 20.6532 -1 21 36
1.5002 21.3532 -1 21 37
1.5002 22.0532 -1 21 38
1.5002 22.7532 -1 21 39
1.5002 23.4532 -1 21 40
1.5002 24.1532 -1 21 41
1.5002 24.8532 -1 21 42
1.5002 25.5532 -1 21 43
1.5002 26.2532 -1 21 44
1.5002 26.9532 -1 21 45
1.5002 27.6532 -1 21 46
1.5002 28.3532 -1 21 47
1.5002 29.0532 -1 21 48
1.5002 29.7532 -1 21 49
1.5002 30.4532 -1 21 50
1.5002 31.1532 -1 21 51
0.800198 -4.54681 -1 22 0
0.800198 -3.84681 -1 22 1
0.800198 -3.14681 -1 22 2
0.800198 -2.44681 -1 22 3
0.800198 -1.74681 1 22 4
0.800198 -1.04681 1 22 5
0.800198 -0.34681 1 22 6
0.800198 0.35319 1 22 7
0.800198 1.05319 1 22 8
0.800198 1.75319 -1 22 9
0.800198 2.45319 -1 22 10
0.800198 3.15319 -1 22 11
0.800198 3.85319 -1 22 12
0.800198 4.55319 -1 22 13
0.800198 5.25319 -1 22 14
0.800198 5.95319 -1 22 15
0.800198 6.65319 -1 22 16
0.800198 7.35319 -1 22 17
0.800198 8.05319 1 22 18
0.800198 8.75319 1 22 19
0.800198 9.45319 -1 22 20
0.800198 10.1532 -1 22 21
0.800198 10.8532 -1 22 22
0.800198 11.5532 -1 22 23
0.800198 12.2532 -1 22 24
0.800198 12.9532 -1 22 25
0.800198 13.6532 -1 22 26
0.800198 14.3532 -1 22 27
0.800198 15.0532 -1 22 28
0.800198 15.7532 -1 22 29
0.800198 16.4532 -1 22 30
0.800198 17.1532 -1 22 31
0.800198 17.8532 -1 22 32
0.800198 18.5532 -1 22 33
0.800198 19.2532 1 22 34
0.800198 19.9532 -1 22 35
0.800198 20.6532 -1 22 36
0.800198 21.3532 -1 22 37
0.800198 22.0532 -1 22 38
0.800198 22.7532 -1 22 39
0.800198 23.4532 -1 22 40
0.800198 24.1532 -1 22 41
0.800198 24.8532 -1 22 42
0.800198 25.5532 -1 22 43
0.800198 26.2532 -1 22 44
0.800198 26.9532 -1 22 45
0.800198 27.6532 -1 22 46
0.800198 28.3532 -1 22 47
0.800198 29.0532 -1 22 48
0.800198 29.7532 -1 22 49
0.800198 30.4532 -1 22 50
0.800198 31.1532 -1 22 51
0.100198 -4.54681 -1 23 0
0.100198 -3.84681 -1 23 1
0.100198 -3.14681 -1 23 2
0.100198 -2.44681 -1 23 3
0.100198 -1.74681 1 23 4
0.100198 -1.04681 1 23 5
0.100198 -0.34681 1 23 6
0.100198 0.35319 1 23 7
0.100198 1.05319 1 23 8
0.100198 1.75319 1 23 9
0.100198 2.45319 1 23 10
0.100198 3.15319 1 23 11
0.100198 3.85319 1 23 12
0.100198 4.55319 1 23 13
0.100198 5.25319 1 23 14
0.100198 5.95319 1 23 15
0.100198 6.65319 1 23 16
0.100198 7.35319 1 23 17
0.100198 8.05319 1 23 18
0.100198 8.75319 1 23 19
0.100198 9.45319 -1 23 20
0.100198 10.1532 -1 23 21
0.100198 10.8532 -1 23 22
0.100198 11.5532 -1 23 23
0.100198 12.2532 -1 23 24
0.100198 12.9532 -1 23 25
0.100198 13.6532 -1 23 26
0.100198 14.3532 -1 23 27
0.100198 15.0532 -1 23 28
0.100198 15.7532 -1 23 29
0.100198 16.4532 1 23 30
0.100198 17.1532 1 23 31
0.100198 17.8532 1 23 32
0.100198 18.5532 1 23 33
0.100198 19.2532 1 23 34
0.100198 19.9532 1 23 35
0.100198 20.6532 1 23 36
0.100198 21.3532 1 23 37
0.100198 22.0532 -1 23 38
0.100198 22.7532 -1 23 39
0.100198 23.4532 -1 23 40
0.100198 24.1532 -1 23 41
0.100198 24.8532 -1 23 42
0.100198 25.5532 -1 23 43
0.100198 26.2532 -1 23 44
0.100198 26.9532 -1 23 45
0.100198 27.6532 -1 23 46
0.100198 28.3532 -1 23 47
0.100198 29.0532 -1 23 48
0.100198 29.7532 -1 23 49
0.100198 30.4532 -1 23 50
0.100198 31.1532 -1 23 51
-0.599802 -4.54681 -1 24 0
-0.599802 -3.84681 -1 24 1
-0.599802 -3.14681 -1 24 2
-0.599802 -2.44681 -1 24 3
-0.599802 -1.74681 1 24 4
-0.599802 -1.04681 1 24 5
-0.599802 -0.34681 1 24 6
-0.599802 0.35319 1 24 7
-0.599802 1.05319 -1 24 8
-0.599802 1.75319 1 24 9
-0.599802 2.45319 1 24 10
-0.599802 3.15319 1 24 11
-0.599802 3.85319 1 24 12
-0.599802 4.55319 1 24 13
-0.599802 5.25319 6 24 14
-0.599802 5.95319 1 24 15
-0.599802 6.65319 -1 24 16
-0.599802 7.35319 1 24 17
-0.599802 8.05319 1 24 18
-0.599802 8.75319 1 24 19
-0.599802 9.45319 -1 24 20
-0.599802 10.1532 -1 24 21
-0.599802 10.8532 1 24 22
-0.599802 11.5532 1 24 23
-0.599802 12.2532 -1 24 24
-0.599802 12.9532 -1 24 25
-0.599802 13.6532 -1 24 26
-0.599802 14.3532 -1 24 27
-0.599802 15.0532 -1 24 28
-0.599802 15.7532 -1 24 29
-0.599802 16.4532 -1 24 30
-0.599802 17.1532 1 24 31
-0.599802 17.8532 1 24 32
-0.599802 18.5532 1 24 33
-0.599802 19.2532 -1 24 34
-0.599802 19.9532 -1 24 35
-0.599802 20.6532 -1 24 36
-0.599802 21.3532 -1 24 37
-0.599802 22.0532 -1 24 38
-0.599802 22.7532 -1 24 39
-0.599802 23.4532 -1 24 40
-0.599802 24.1532 -1 24 41
-0.599802 24.8532 -1 24 42
-0.599802 25.5532 -1 24 43
-0.599802 26.2532 -1 24 44
-0.599802 26.9532 -1 24 45
-0.599802 27.6532 -1 24 46
-0.599802 28.3532 -1 24 47
-0.599802 29.0532 -1 24 48
-0.599802 29.7532 -1 24 49
-0.599802 30.4532 -1 24 50
-0.599802 31.1532 -1 24 51
-1.2998 -4.54681 -1 25 0
-1.2998 -3.84681 -1 25 1
-1.2998 -3.14681 -1 25 2
-1.2998 -2.44681 -1 25 3
-1.2998 -1.74681 1 25 4
-1.2998 -1.04681 1 25 5
-1.2998 -0.34681 1 25 6
-1.2998 0.35319 -1 25 7
-1.2998 1.05319 -1 25 8
-1.2998 1.75319 -1 25 9
-1.2998 2.45319 -1 25 10
-1.2998 3.15319 -1 25 11
-1.2998 3.85319 -1 25 12
-1.2998 4.55319 -1 25 13
-1.2998 5.25319 1 25 14
-1.2998 5.95319 1 25 15
-1.2998 6.65319 -1 25 16
-1.2998 7.35319 1 25 17
-1.2998 8.05319 1 25 18
-1.2998 8.75319 1 25 19
-1.2998 9.45319 1 25 20
-1.2998 10.1532 1 25 21
-1.2998 10.8532 -1 25 22
-1.2998 11.5532 -1 25 23
-1.2998 12.2532 -1 25 24
-1.2998 12.9532 -1 25 25
-1.2998 13.6532 -1 25 26
-1.2998 14.3532 -1 25 27
-1.2998 15.0532 -1 25 28
-1.2998 15.7532 -1 25 29
-1.2998 16.4532 -1 25 30
-1.2998 17.1532 1 25 31
-1.2998 17.8532 -1 25 32
-1.2998 18.5532 -1 25 33
-1.2998 19.2532 -1 25 34
-1.2998 19.9532 -1 25 35
-1.2998 20.6532 -1 25 36
-1.2998 21.3532 -1 25 37
-1.2998 22.0532 -1 25 38
-1.2998 22.7532 -1 25 39
-1.2998 23.4532 -1 25 40
-1.2998 24.1532 -1 25 41
-1.2998 24.8532 -1 25 42
-1.2998 25.5532 -1 25 43
-1.2998 26.2532 -1 25 44
-1.2998 26.9532 -1 25 45
-1.2998 27.6532 -1 25 46
-1.2998 28.3532 -1 25 47
-1.2998 29.0532 -1 25 48
-1.2998 29.7532 -1 25 49
-1.2998 30.4532 -1 25 50
-1.2998 31.1532 -1 25 51
-1.9998 -4.54681 -1 26 0
-1.9998 -3.84681 -1 26 1
-1.9998 -3.14681 -1 26 2
-1.9998 -2.44681 -1 26 3
-1.9998 -1.74681 1 26 4
-1.9998 -1.04681 1 26 5
-1.9998 -0.34681 1 26 6
-1.9998 0.35319 -1 26 7
-1.9998 1.05319 -1 26 8
-1.9998 1.75319 -1 26 9
-1.9998 2.45319 -1 26 10
-1.9998 3.15319 -1 26 11
-1.9998 3.85319 -1 26 12
-1.9998 4.55319 -1 26 13
-1.9998 5.25319 1 26 14
-1.9998 5.95319 -1 26 15
-1.9998 6.65319 -1 26 16
-1.9998 7.35319 -1 26 17
-1.9998 8.05319 -1 26 18
-1.9998 8.75319 1 26 19
-1.9998 9.45319 1 26 20
-1.9998 10.1532 1 26 21
-1.9998 10.8532 -1 26 22
-1.9998 11.5532 -1 26 23
-1.9998 12.2532 -1 26 24
-1.9998 12.9532 -1 26 25
-1.9998 13.6532 -1 26 26
-1.9998 14.3532 -1 26 27
-1.9998 15.0532 -1 26 28
-1.9998 15.7532 1 26 29
-1.9998 16.4532 1 26 30
-1.9998 17.1532 1 26 31
-1.9998 17.8532 -1 26 32
-1.9998 18.5532 -1 26 33
-1.9998 19.2532 -1 26 34
-1.9998 19.9532 -1 26 35
-1.9998 20.6532 -1 26 36
-1.9998 21.3532 -1 26 37
-1.9998 22.0532 -1 26 38
-1.9998 22.7532 -1 26 39
-1.9998 23.4532 -1 26 40
-1.9998 24.1532 -1 26 41
-1.9998 24.8532 -1 26 42
-1.9998 25.5532 -1 26 43
-1.9998 26.2532 -1 26 44
-1.9998 26.9532 -1 26 45
-1.9998 27.6532 -1 26 46
-1.9998 28.3532 -1 26 47
-1.9998 29.0532 -1 26 48
-1.9998 29.7532 -1 26 49
-1.9998 30.4532 -1 26 50
-1.9998 31.1532 -1 26 51
-2.6998 -4.54681 -1 27 0
-2.6998 -3.84681 -1 27 1
-2.6998 -3.14681 -1 27 2
-2.6998 -2.44681 -1 27 3
-2.6998 -1.74681 1 27 4
-2.6998 -1.04681 1 27 5
-2.6998 -0.34681 -1 27 6
-2.6998 0.35319 -1 27 7
-2.6998 1.05319 -1 27 8
-2.6998 1.75319 -1 27 9
-2.6998 2.45319 -1 27 10
-2.6998 3.15319 -1 27 11
-2.6998 3.85319 1 27 12
-2.6998 4.55319 1 27 13
-2.6998 5.25319 1 27 14
-2.6998 5.95319 -1 27 15
-2.6998 6.65319 -1 27 16
-2.6998 7.35319 -1 27 17
-2.6998 8.05319 -1 27 18
-2.6998 8.75319 -1 27 19
-2.6998 9.45319 1 27 20
-2.6998 10.1532 1 27 21
-2.6998 10.8532 1 27 22
-2.6998 11.5532 1 27 23
-2.6998 12.2532 1 27 24
-2.6998 12.9532 1 27 25
-2.6998 13.6532 1 27 26
-2.6998 14.3532 1 27 27
-2.6998 15.0532 1 27 28
-2.6998 15.7532 1 27 29
-2.6998 16.4532 1 27 30
-2.6998 17.1532 1 27 31
-2.6998 17.8532 -1 27 32
-2.6998 18.5532 -1 27 33
-2.6998 19.2532 -1 27 34
-2.6998 19.9532 -1 27 35
-2.6998 20.6532 -1 27 36
-2.6998 21.3532 -1 27 37
-2.6998 22.0532 -1 27 38
-2.6998 22.7532 -1 27 39
-2.6998 23.4532 -1 27 40
-2.6998 24.1532 -1 27 41
-2.6998 24.8532 -1 27 42
-2.6998 25.5532 -1 27 43
-2.6998 26.2532 -1 27 44
-2.6998 26.9532 -1 27 45
-2.6998 27.6532 -1 27 46
-2.6998 28.3532 -1 27 47
-2.6998 29.0532 -1 27 48
-2.6998 29.7532 -1 27 49
-2.6998 30.4532 -1 27 50
-2.6998 31.1532 -1 27 51
-3.3998 -4.54681 -1 28 0
-3.3998 -3.84681 -1 28 1
-3.3998 -3.14681 -1 28 2
-3.3998 -2.44681 -1 28 3
-3.3998 -1.74681 1 28 4
-3.3998 -1.04681 1 28 5
-3.3998 -0.34681 1 28 6
-3.3998 0.35319 -1 28 7
-3.3998 1.05319 -1 28 8
-3.3998 1.75319 1 28 9
-3.3998 2.45319 1 28 10
-3.3998 3.15319 1 28 11
-3.3998 3.85319 -1 28 12
-3.3998 4.55319 -1 28 13
-3.3998 5.25319 -1 28 14
-3.3998 5.95319 1 28 15
-3.3998 6.65319 1 28 16
-3.3998 7.35319 -1 28 17
-3.3998 8.05319 -1 28 18
-3.3998 8.75319 -1 28 19
-3.3998 9.45319 -1 28 20
-3.3998 10.1532 1 28 21
-3.3998 10.8532 1 28 22
-3.3998 11.5532 1 28 23
-3.3998 12.2532 1 28 24
-3.3998 12.9532 1 28 25
-3.3998 13.6532 1 28 26
-3.3998 14.3532 1 28 27
-3.3998 15.0532 1 28 28
-3.3998 15.7532 1 28 29
-3.3998 16.4532 1 28 30
-3.3998 17.1532 1 28 31
-3.3998 17.8532 1 28 32
-3.3998 18.5532 -1 28 33
-3.3998 19.2532 -1 28 34
-3.3998 19.9532 -1 28 35
-3.3998 20.6532 -1 28 36
-3.3998 21.3532 -1 28 37
-3.3998 22.0532 -1 28 38
-3.3998 22.7532 -1 28 39
-3.3998 23.4532 -1 28 40
-3.3998 24.1532 -1 28 41
-3.3998 24.8532 -1 28 42
-3.3998 25.5532 -1 28 43
-3.3998 26.2532 -1 28 44
-3.3998 26.9532 -1 28 45
-3.3998 27.6532 -1 28 46
-3.3998 28.3532 -1 28 47
-3.3998 29.0532 -1 28 48
-3.3998 29.7532 -1 28 49
-3.3998 30.4532 -1 28 50
-3.3998 31.1532 -1 28 51
-4.0998 -4.54681 -1 29 0
-4.0998 -3.84681 -1 29 1
-4.0998 -3.14681 -1 29 2
-4.0998 -2.44681 -1 29 3
-4.0998 -1.74681 1 29 4
-4.0998 -1.04681 1 29 5
-4.0998 -0.34681 -1 29 6
-4.0998 0.35319 -1 29 7
-4.0998 1.05319 1 29 8
-4.0998 1.75319 1 29 9
-4.0998 2.45319 1 29 10
-4.0998 3.15319 -1 29 11
-4.0998 3.85319 -1 29 12
-4.0998 4.55319 -1 29 13
-4.0998 5.25319 -1 29 14
-4.0998 5.95319 1 29 15
-4.0998 6.65319 1 29 16
-4.0998 7.35319 1 29 17
-4.0998 8.05319 -1 29 18
-4.0998 8.75319 -1 29 19
-4.0998 9.45319 -1 29 20
-4.0998 10.1532 1 29 21
-4.0998 10.8532 1 29 22
-4.0998 11.5532 1 29 23
-4.0998 12.2532 1 29 24
-4.0998 12.9532 1 29 25
-4.0998 13.6532 1 29 26
-4.0998 14.3532 1 29 27
-4.0998 15.0532 1 29 28
-4.0998 15.7532 1 29 29
-4.0998 16.4532 1 29 30
-4.0998 17.1532 1 29 31
-4.0998 17.8532 1 29 32
-4.0998 18.5532 -1 29 33
-4.0998 19.2532 -1 29 34
-4.0998 19.9532 -1 29 35
-4.0998 20.6532 -1 29 36
-4.0998 21.3532 -1 29 37
-4.0998 22.0532 -1 29 38
-4.0998 22.7532 -1 29 39
-4.0998 23.4532 -1 29 40
-4.0998 24.1532 -1 29 41
-4.0998 24.8532 -1 29 42
-4.0998 25.5532 -1 29 43
-4.0998 26.2532 -1 29 44
-4.0998 26.9532 -1 29 45
-4.0998 27.6532 -1 29 46
-4.0998 28.3532 -1 29 47
-4.0998 29.0532 -1 29 48
-4.0998 29.7532 -1 29 49
-4.0998 30.4532 -1 29 50
-4.0998 31.1532 -1 29 51
-4.7998 -4.54681 -1 30 0
-4.7998 -3.84681 -1 30 1
-4.7998 -3.14681 -1 30 2
-4.7998 -2.44681 -1 30 3
-4.7998 -1.74681 1 30 4
-4.7998 -1.04681 1 30 5
-4.7998 -0.34681 -1 30 6
-4.7998 0.35319 -1 30 7
-4.7998 1.05319 -1 30 8
-4.7998 1.75319 -1 30 9
-4.7998 2.45319 -1 30 10
-4.7998 3.15319 -1 30 11
-4.7998 3.85319 -1 30 12
-4.7998 4.55319 -1 30 13
-4.7998 5.25319 -1 30 14
-4.7998 5.95319 -1 30 15
-4.7998 6.65319 -1 30 16
-4.7998 7.35319 1 30 17
-4.7998 8.05319 -1 30 18
-4.7998 8.75319 -1 30 19
-4.7998 9.45319 -1 30 20
-4.7998 10.1532 1 30 21
-4.7998 10.8532 1 30 22
-4.7998 11.5532 1 30 23
-4.7998 12.2532 1 30 24
-4.7998 12.9532 1 30 25
-4.7998 13.6532 1 30 26
-4.7998 14.3532 1 30 27
-4.7998 15.0532 1 30 28
-4.7998 15.7532 1 30 29
-4.7998 16.4532 1 30 30
-4.7998 17.1532 1 30 31
-4.7998 17.8532 1 30 32
-4.7998 18.5532 -1 30 33
-4.7998 19.2532 -1 30 34
-4.7998 19.9532 -1 30 35
-4.7998 20.6532 -1 30 36
-4.7998 21.3532 -1 30 37
-4.7998 22.0532 -1 30 38
-4.7998 22.7532 -1 30 39
-4.7998 23.4532 -1 30 40
-4.7998 24.1532 -1 30 41
-4.7998 24.8532 -1 30 42
-4.7998 25.5532 -1 30 43
-4.7998 26.2532 -1 30 44
-4.7998 26.9532 -1 30 45
-4.7998 27.6532 -1 30 46
-4.7998 28.3532 -1 30 47
-4.7998 29.0532 -1 30 48
-4.7998 29.7532 -1 30 49
-4.7998 30.4532 -1 30 50
-4.7998 31.1532 -1 30 51
-5.4998 -4.54681 -1 31 0
-5.4998 -3.84681 -1 31 1
-5.4998 -3.14681 -1 31 2
-5.4998 -2.44681 -1 31 3
-5.4998 -1.74681 -1 31 4
-5.4998 -1.04681 1 31 5
-5.4998 -0.34681 1 31 6
-5.4998 0.35319 -1 31 7
-5.4998 1.05319 -1 31 8
-5.4998 1.75319 -1 31 9
-5.4998 2.45319 -1 31 10
-5.4998 3.15319 -1 31 11
-5.4998 3.85319 -1 31 12
-5.4998 4.55319 -1 31 13
-5.4998 5.25319 -1 31 14
-5.4998 5.95319 -1 31 15
-5.4998 6.65319 -1 31 16
-5.4998 7.35319 -1 31 17
-5.4998 8.05319 -1 31 18
-5.4998 8.75319 -1 31 19
-5.4998 9.45319 1 31 20
-5.4998 10.1532 -1 31 21
-5.4998 10.8532 1 31 22
-5.4998 11.5532 1 31 23
-5.4998 12.2532 -1 31 24
-5.4998 12.9532 1 31 25
-5.4998 13.6532 1 31 26
-5.4998 14.3532 1 31 27
-5.4998 15.0532 1 31 28
-5.4998 15.7532 -1 31 29
-5.4998 16.4532 1 31 30
-5.4998 17.1532 -1 31 31
-5.4998 17.8532 -1 31 32
-5.4998 18.5532 -1 31 33
-5.4998 19.2532 -1 31 34
-5.4998 19.9532 -1 31 35
-5.4998 20.6532 -1 31 36
-5.4998 21.3532 -1 31 37
-5.4998 22.0532 -1 31 38
-5.4998 22.7532 -1 31 39
-5.4998 23.4532 -1 31 40
-5.4998 24.1532 -1 31 41
-5.4998 24.8532 -1 31 42
-5.4998 25.5532 -1 31 43
-5.4998 26.2532 -1 31 44
-5.4998 26.9532 -1 31 45
-5.4998 27.6532 -1 31 46
-5.4998 28.3532 -1 31 47
-5.4998 29.0532 -1 31 48
-5.4998 29.7532 -1 31 49
-5.4998 30.4532 -1 31 50
-5.4998 31.1532 -1 31 51
-6.1998 -4.54681 -1 32 0
-6.1998 -3.84681 -1 32 1
-6.1998 -3.14681 -1 32 2
-6.1998 -2.44681 -1 32 3
-6.1998 -1.74681 -1 32 4
-6.1998 -1.04681 1 32 5
-6.1998 -0.34681 -1 32 6
-6.1998 0.35319 -1 32 7
-6.1998 1.05319 -1 32 8
-6.1998 1.75319 -1 32 9
-6.1998 2.45319 -1 32 10
-6.1998 3.15319 -1 32 11
-6.1998 3.85319 -1 32 12
-6.1998 4.55319 -1 32 13
-6.1998 5.25319 -1 32 14
-6.1998 5.95319 -1 32 15
-6.1998 6.65319 -1 32 16
-6.1998 7.35319 -1 32 17
-6.1998 8.05319 -1 32 18
-6.1998 8.75319 -1 32 19
-6.1998 9.45319 -1 32 20
-6.1998 10.1532 -1 32 21
-6.1998 10.8532 -1 32 22
-6.1998 11.5532 1 32 23
-6.1998 12.2532 1 32 24
-6.1998 12.9532 1 32 25
-6.1998 13.6532 1 32 26
-6.1998 14.3532 1 32 27
-6.1998 15.0532 1 32 28
-6.1998 15.7532 1 32 29
-6.1998 16.4532 -1 32 30
-6.1998 17.1532 -1 32 31
-6.1998 17.8532 -1 32 32
-6.1998 18.5532 -1 32 33
-6.1998 19.2532 -1 32 34
-6.1998 19.9532 -1 32 35
-6.1998 20.6532 -1 32 36
-6.1998 21.3532 -1 32 37
-6.1998 22.0532 -1 32 38
-6.1998 22.7532 -1 32 39
-6.1998 23.4532 -1 32 40
-6.1998 24.1532 -1 32 41
-6.1998 24.8532 -1 32 42
-6.1998 25.5532 -1 32 43
-6.1998 26.2532 -1 32 44
-6.1998 26.9532 -1 32 45
-6.1998 27.6532 -1 32 46
-6.1998 28.3532 -1 32 47
-6.1998 29.0532 -1 32 48
-6.1998 29.7532 -1 32 49
-6.1998 30.4532 -1 32 50
-6.1998 31.1532 -1 32 51
-6.8998 -4.54681 -1 33 0
-6.8998 -3.84681 -1 33 1
-6.8998 -3.14681 -1 33 2
-6.8998 -2.44681 -1 33 3
-6.8998 -1.74681 -1 33 4
-6.8998 -1.04681 1 33 5
-6.8998 -0.34681 1 33 6
-6.8998 0.35319 1 33 7
-6.8998 1.05319 1 33 8
-6.8998 1.75319 -1 33 9
-6.8998 2.45319 -1 33 10
-6.8998 3.15319 -1 33 11
-6.8998 3.85319 1 33 12
-6.8998 4.55319 -1 33 13
-6.8998 5.25319 -1 33 14
-6.8998 5.95319 1 33 15
-6.8998 6.65319 -1 33 16
-6.8998 7.35319 -1 33 17
-6.8998 8.05319 -1 33 18
-6.8998 8.75319 -1 33 19
-6.8998 9.45319 -1 33 20
-6.8998 10.1532 -1 33 21
-6.8998 10.8532 -1 33 22
-6.8998 11.5532 -1 33 23
-6.8998 12.2532 -1 33 24
-6.8998 12.9532 1 33 25
-6.8998 13.6532 1 33 26
-6.8998 14.3532 1 33 27
-6.8998 15.0532 1 33 28
-6.8998 15.7532 -1 33 29
-6.8998 16.4532 1 33 30
-6.8998 17.1532 -1 33 31
-6.8998 17.8532 -1 33 32
-6.8998 18.5532 -1 33 33
-6.8998 19.2532 -1 33 34
-6.8998 19.9532 -1 33 35
-6.8998 20.6532 -1 33 36
-6.8998 21.3532 -1 33 37
-6.8998 22.0532 -1 33 38
-6.8998 22.7532 -1 33 39
-6.8998 23.4532 -1 33 40
-6.8998 24.1532 -1 33 41
-6.8998 24.8532 -1 33 42
-6.8998 25.5532 -1 33 43
-6.8998 26.2532 -1 33 44
-6.8998 26.9532 -1 33 45
-6.8998 27.6532 -1 33 46
-6.8998 28.3532 -1 33 47
-6.8998 29.0532 -1 33 48
-6.8998 29.7532 -1 33 49
-6.8998 30.4532 -1 33 50
-6.8998 31.1532 -1 33 51
-7.5998 -4.54681 -1 34 0
-7.5998 -3.84681 -1 34 1
-7.5998 -3.14681 -1 34 2
-7.5998 -2.44681 -1 34 3
-7.5998 -1.74681 -1 34 4
-7.5998 -1.04681 1 34 5
-7.5998 -0.34681 -1 34 6
-7.5998 0.35319 -1 34 7
-7.5998 1.05319 -1 34 8
-7.5998 1.75319 1 34 9
-7.5998 2.45319 1 34 10
-7.5998 3.15319 1 34 11
-7.5998 3.85319 -1 34 12
-7.5998 4.55319 -1 34 13
-7.5998 5.25319 1 34 14
-7.5998 5.95319 1 34 15
-7.5998 6.65319 1 34 16
-7.5998 7.35319 1 34 17
-7.5998 8.05319 1 34 18
-7.5998 8.75319 -1 34 19
-7.5998 9.45319 1 34 20
-7.5998 10.1532 -1 34 21
-7.5998 10.8532 -1 34 22
-7.5998 11.5532 1 34 23
-7.5998 12.2532 -1 34 24
-7.5998 12.9532 -1 34 25
-7.5998 13.6532 1 34 26
-7.5998 14.3532 1 34 27
-7.5998 15.0532 1 34 28
-7.5998 15.7532 1 34 29
-7.5998 16.4532 1 34 30
-7.5998 17.1532 -1 34 31
-7.5998 17.8532 -1 34 32
-7.5998 18.5532 1 34 33
-7.5998 19.2532 -1 34 34
-7.5998 19.9532 1 34 35
-7.5998 20.6532 -1 34 36
-7.5998 21.3532 -1 34 37
-7.5998 22.0532 1 34 38
-7.5998 22.7532 1 34 39
-7.5998 23.4532 1 34 40
-7.5998 24.1532 -1 34 41
-7.5998 24.8532 -1 34 42
-7.5998 25.5532 -1 34 43
-7.5998 26.2532 -1 34 44
-7.5998 26.9532 -1 34 45
-7.5998 27.6532 -1 34 46
-7.5998 28.3532 -1 34 47
-7.5998 29.0532 -1 34 48
-7.5998 29.7532 -1 34 49
-7.5998 30.4532 -1 34 50
-7.5998 31.1532 -1 34 51
-8.2998 -4.54681 -1 35 0
-8.2998 -3.84681 -1 35 1
-8.2998 -3.14681 -1 35 2
-8.2998 -2.44681 -1 35 3
-8.2998 -1.74681 -1 35 4
-8.2998 -1.04681 1 35 5
-8.2998 -0.34681 -1 35 6
-8.2998 0.35319 -1 35 7
-8.2998 1.05319 -1 35 8
-8.2998 1.75319 -1 35 9
-8.2998 2.45319 -1 35 10
-8.2998 3.15319 -1 35 11
-8.2998 3.85319 -1 35 12
-8.2998 4.55319 -1 35 13
-8.2998 5.25319 1 35 14
-8.2998 5.95319 1 35 15
-8.2998 6.65319 1 35 16
-8.2998 7.35319 1 35 17
-8.2998 8.05319 1 35 18
-8.2998 8.75319 -1 35 19
-8.2998 9.45319 1 35 20
-8.2998 10.1532 1 35 21
-8.2998 10.8532 1 35 22
-8.2998 11.5532 1 35 23
-8.2998 12.2532 -1 35 24
-8.2998 12.9532 1 35 25
-8.2998 13.6532 1 35 26
-8.2998 14.3532 1 35 27
-8.2998 15.0532 1 35 28
-8.2998 15.7532 1 35 29
-8.2998 16.4532 1 35 30
-8.2998 17.1532 1 35 31
-8.2998 17.8532 1 35 32
-8.2998 18.5532 1 35 33
-8.2998 19.2532 -1 35 34
-8.2998 19.9532 1 35 35
-8.2998 20.6532 -1 35 36
-8.2998 21.3532 1 35 37
-8.2998 22.0532 -1 35 38
-8.2998 22.7532 -1 35 39
-8.2998 23.4532 -1 35 40
-8.2998 24.1532 -1 35 41
-8.2998 24.8532 1 35 42
-8.2998 25.5532 -1 35 43
-8.2998 26.2532 -1 35 44
-8.2998 26.9532 -1 35 45
-8.2998 27.6532 -1 35 46
-8.2998 28.3532 -1 35 47
-8.2998 29.0532 -1 35 48
-8.2998 29.7532 -1 35 49
-8.2998 30.4532 -1 35 50
-8.2998 31.1532 -1 35 51
-8.9998 -4.54681 -1 36 0
-8.9998 -3.84681 -1 36 1
-8.9998 -3.14681 -1 36 2
-8.9998 -2.44681 1 36 3
-8.9998 -1.74681 1 36 4
-8.9998 -1.04681 1 36 5
-8.9998 -0.34681 1 36 6
-8.9998 0.35319 1 36 7
-8.9998 1.05319 1 36 8
-8.9998 1.75319 1 36 9
-8.9998 2.45319 1 36 10
-8.9998 3.15319 -1 36 11
-8.9998 3.85319 -1 36 12
-8.9998 4.55319 -1 36 13
-8.9998 5.25319 -1 36 14
-8.9998 5.95319 -1 36 15
-8.9998 6.65319 -1 36 16
-8.9998 7.35319 -1 36 17
-8.9998 8.05319 -1 36 18
-8.9998 8.75319 -1 36 19
-8.9998 9.45319 -1 36 20
-8.9998 10.1532 -1 36 21
-8.9998 10.8532 -1 36 22
-8.9998 11.5532 -1 36 23
-8.9998 12.2532 -1 36 24
-8.9998 12.9532 1 36 25
-8.9998 13.6532 1 36 26
-8.9998 14.3532 1 36 27
-8.9998 15.0532 -1 36 28
-8.9998 15.7532 -1 36 29
-8.9998 16.4532 -1 36 30
-8.9998 17.1532 -1 36 31
-8.9998 17.8532 -1 36 32
-8.9998 18.5532 -1 36 33
-8.9998 19.2532 -1 36 34
-8.9998 19.9532 -1 36 35
-8.9998 20.6532 -1 36 36
-8.9998 21.3532 -1 36 37
-8.9998 22.0532 -1 36 38
-8.9998 22.7532 -1 36 39
-8.9998 23.4532 -1 36 40
-8.9998 24.1532 -1 36 41
-8.9998 24.8532 -1 36 42
-8.9998 25.5532 -1 36 43
-8.9998 26.2532 -1 36 44
-8.9998 26.9532 -1 36 45
-8.9998 27.6532 -1 36 46
-8.9998 28.3532 -1 36 47
-8.9998 29.0532 -1 36 48
-8.9998 29.7532 -1 36 49
-8.9998 30.4532 -1 36 50
-8.9998 31.1532 -1 36 51
-9.6998 -4.54681 -1 37 0
-9.6998 -3.84681 -1 37 1
-9.6998 -3.14681 -1 37 2
-9.6998 -2.44681 -1 37 3
-9.6998 -1.74681 -1 37 4
-9.6998 -1.04681 -1 37 5
-9.6998 -0.34681 -1 37 6
-9.6998 0.35319 -1 37 7
-9.6998 1.05319 -1 37 8
-9.6998 1.75319 -1 37 9
-9.6998 2.45319 -1 37 10
-9.6998 3.15319 -1 37 11
-9.6998 3.85319 -1 37 12
-9.6998 4.55319 -1 37 13
-9.6998 5.25319 -1 37 14
-9.6998 5.95319 -1 37 15
-9.6998 6.65319 -1 37 16
-9.6998 7.35319 -1 37 17
-9.6998 8.05319 -1 37 18
-9.6998 8.75319 -1 37 19
-9.6998 9.45319 -1 37 20
-9.6998 10.1532 -1 37 21
-9.6998 10.8532 -1 37 22
-9.6998 11.5532 -1 37 23
-9.6998 12.2532 -1 37 24
-9.6998 12.9532 1 37 25
-9.6998 13.6532 1 37 26
-9.6998 14.3532 1 37 27
-9.6998 15.0532 -1 37 28
-9.6998 15.7532 -1 37 29
-9.6998 16.4532 -1 37 30
-9.6998 17.1532 -1 37 31
-9.6998 17.8532 -1 37 32
-9.6998 18.5532 -1 37 33
-9.6998 19.2532 -1 37 34
-9.6998 19.9532 -1 37 35
-9.6998 20.6532 -1 37 36
-9.6998 21.3532 -1 37 37
-9.6998 22.0532 -1 37 38
-9.6998 22.7532 -1 37 39
-9.6998 23.4532 -1 37 40
-9.6998 24.1532 -1 37 41
-9.6998 24.8532 -1 37 42
-9.6998 25.5532 -1 37 43
-9.6998 26.2532 -1 37 44
-9.6998 26.9532 -1 37 45
-9.6998 27.6532 -1 37 46
-9.6998 28.3532 -1 37 47
-9.6998 29.0532 -1 37 48
-9.6998 29.7532 -1 37 49
-9.6998 30.4532 -1 37 50
-9.6998 31.1532 -1 37 51
-10.3998 -4.54681 -1 38 0
-10.3998 -3.84681 -1 38 1
-10.3998 -3.14681 -1 38 2
-10.3998 -2.44681 -1 38 3
-10.3998 -1.74681 -1 38 4
-10.3998 -1.04681 -1 38 5
-10.3998 -0.34681 -1 38 6
-10.3998 0.35319 -1 38 7
-10.3998 1.05319 -1 38 8
-10.3998 1.75319 -1 38 9
-10.3998 2.45319 -1 38 10
-10.3998 3.15319 -1 38 11
-10.3998 3.85319 -1 38 12
-10.3998 4.55319 -1 38 13
-10.3998 5.25319 -1 38 14
-10.3998 5.95319 -1 38 15
-10.3998 6.65319 -1 38 16
-10.3998 7.35319 -1 38 17
-10.3998 8.05319 -1 38 18
-10.3998 8.75319 -1 38 19
-10.3998 9.45319 -1 38 20
-10.3998 10.1532 -1 38 21
-10.3998 10.8532 -1 38 22
-10.3998 11.5532 -1 38 23
-10.3998 12.2532 -1 38 24
-10.3998 12.9532 1 38 25
-10.3998 13.6532 1 38 26
-10.3998 14.3532 1 38 27
-10.3998 15.0532 1 38 28
-10.3998 15.7532 1 38 29
-10.3998 16.4532 -1 38 30
-10.3998 17.1532 -1 38 31
-10.3998 17.8532 -1 38 32
-10.3998 18.5532 -1 38 33
-10.3998 19.2532 -1 38 34
-10.3998 19.9532 -1 38 35
-10.3998 20.6532 -1 38 36
-10.3998 21.3532 -1 38 37
-10.3998 22.0532 -1 38 38
-10.3998 22.7532 -1 38 39
-10.3998 23.4532 -1 38 40
-10.3998 24.1532 -1 38 41
-10.3998 24.8532 -1 38 42
-10.3998 25.5532 -1 38 43
-10.3998 26.2532 -1 38 44
-10.3998 26.9532 -1 38 45
-10.3998 27.6532 -1 38 46
-10.3998 28.3532 -1 38 47
-10.3998 29.0532 -1 38 48
-10.3998 29.7532 -1 38 49
-10.3998 30.4532 -1 38 50
-10.3998 31.1532 -1 38 51
-11.0998 -4.54681 -1 39 0
-11.0998 -3.84681 -1 39 1
-11.0998 -3.14681 -1 39 2
-11.0998 -2.44681 -1 39 3
-11.0998 -1.74681 -1 39 4
-11.0998 -1.04681 -1 39 5
-11.0998 -0.34681 -1 39 6
-11.0998 0.35319 -1 39 7
-11.0998 1.05319 -1 39 8
-11.0998 1.75319 -1 39 9
-11.0998 2.45319 -1 39 10
-11.0998 3.15319 -1 39 11
-11.0998 3.85319 -1 39 12
-11.0998 4.55319 -1 39 13
-11.0998 5.25319 -1 39 14
-11.0998 5.95319 -1 39 15
-11.0998 6.65319 -1 39 16
-11.0998 7.35319 -1 39 17
-11.0998 8.05319 -1 39 18
-11.0998 8.75319 -1 39 19
-11.0998 9.45319 -1 39 20
-11.0998 10.1532 -1 39 21
-11.0998 10.8532 -1 39 22
-11.0998 11.5532 1 39 23
-11.0998 12.2532 -1 39 24
-11.0998 12.9532 1 39 25
-11.0998 13.6532 1 39 26
-11.0998 14.3532 1 39 27
-11.0998 15.0532 1 39 28
-11.0998 15.7532 1 39 29
-11.0998 16.4532 1 39 30
-11.0998 17.1532 -1 39 31
-11.0998 17.8532 -1 39 32
-11.0998 18.5532 -1 39 33
-11.0998 19.2532 -1 39 34
-11.0998 19.9532 -1 39 35
-11.0998 20.6532 -1 39 36
-11.0998 21.3532 -1 39 37
-11.0998 22.0532 -1 39 38
-11.0998 22.7532 -1 39 39
-11.0998 23.4532 -1 39 40
-11.0998 24.1532 -1 39 41
-11.0998 24.8532 -1 39 42
-11.0998 25.5532 -1 39 43
-11.0998 26.2532 -1 39 44
-11.0998 26.9532 -1 39 45
-11.0998 27.6532 -1 39 46
-11.0998 28.3532 -1 39 47
-11.0998 29.0532 -1 39 48
-11.0998 29.7532 -1 39 49
-11.0998 30.4532 -1 39 50
-11.0998 31.1532 -1 39 51
-11.7998 -4.54681 -1 40 0
-11.7998 -3.84681 -1 40 1
-11.7998 -3.14681 -1 40 2
-11.7998 -2.44681 -1 40 3
-11.7998 -1.74681 -1 40 4
-11.7998 -1.04681 -1 40 5
-11.7998 -0.34681 -1 40 6
-11.7998 0.35319 -1 40 7
-11.7998 1.05319 -1 40 8
-11.7998 1.75319 -1 40 9
-11.7998 2.45319 -1 40 10
-11.7998 3.15319 -1 40 11
-11.7998 3.85319 -1 40 12
-11.7998 4.55319 -1 40 13
-11.7998 5.25319 -1 40 14
-11.7998 5.95319 -1 40 15
-11.7998 6.65319 -1 40 16
-11.7998 7.35319 -1 40 17
-11.7998 8.05319 -1 40 18
-11.7998 8.75319 -1 40 19
-11.7998 9.45319 -1 40 20
-11.7998 10.1532 -1 40 21
-11.7998 10.8532 -1 40 22
-11.7998 11.5532 -1 40 23
-11.7998 12.2532 1 40 24
-11.7998 12.9532 1 40 25
-11.7998 13.6532 1 40 26
-11.7998 14.3532 1 40 27
-11.7998 15.0532 -1 40 28
-11.7998 15.7532 1 40 29
-11.7998 16.4532 1 40 30
-11.7998 17.1532 -1 40 31
-11.7998 17.8532 -1 40 32
-11.7998 18.5532 -1 40 33
-11.7998 19.2532 -1 40 34
-11.7998 19.9532 -1 40 35
-11.7998 20.6532 -1 40 36
-11.7998 21.3532 -1 40 37
-11.7998 22.0532 -1 40 38
-11.7998 22.7532 -1 40 39
-11.7998 23.4532 -1 40 40
-11.7998 24.1532 -1 40 41
-11.7998 24.8532 -1 40 42
-11.7998 25.5532 -1 40 43
-11.7998 26.2532 -1 40 44
-11.7998 26.9532 -1 40 45
-11.7998 27.6532 -1 40 46
-11.7998 28.3532 -1 40 47
-11.7998 29.0532 -1 40 48
-11.7998 29.7532 -1 40 49
-11.7998 30.4532 -1 40 50
-11.7998 31.1532 -1 40 51
-12.4998 -4.54681 -1 41 0
-12.4998 -3.84681 -1 41 1
-12.4998 -3.14681 -1 41 2
-12.4998 -2.44681 -1 41 3
-12.4998 -1.74681 -1 41 4
-12.4998 -1.04681 -1 41 5
-12.4998 -0.34681 -1 41 6
-12.4998 0.35319 -1 41 7
-12.4998 1.05319 -1 41 8
-12.4998 1.75319 -1 41 9
-12.4998 2.45319 -1 41 10
-12.4998 3.15319 -1 41 11
-12.4998 3.85319 -1 41 12
-12.4998 4.55319 -1 41 13
-12.4998 5.25319 -1 41 14
-12.4998 5.95319 -1 41 15
-12.4998 6.65319 -1 41 16
-12.4998 7.35319 -1 41 17
-12.4998 8.05319 -1 41 18
-12.4998 8.75319 -1 41 19
-12.4998 9.45319 -1 41 20
-12.4998 10.1532 -1 41 21
-12.4998 10.8532 -1 41 22
-12.4998 11.5532 -1 41 23
-12.4998 12.2532 -1 41 24
-12.4998 12.9532 1 41 25
-12.4998 13.6532 1 41 26
-12.4998 14.3532 1 41 27
-12.4998 15.0532 1 41 28
-12.4998 15.7532 1 41 29
-12.4998 16.4532 1 41 30
-12.4998 17.1532 -1 41 31
-12.4998 17.8532 -1 41 32
-12.4998 18.5532 -1 41 33
-12.4998 19.2532 -1 41 34
-12.4998 19.9532 -1 41 35
-12.4998 20.6532 -1 41 36
-12.4998 21.3532 -1 41 37
-12.4998 22.0532 -1 41 38
-12.4998 22.7532 -1 41 39
-12.4998 23.4532 -1 41 40
-12.4998 24.1532 -1 41 41
-12.4998 24.8532 -1 41 42
-12.4998 25.5532 -1 41 43
-12.4998 26.2532 -1 41 44
-12.4998 26.9532 -1 41 45
-12.4998 27.6532 -1 41 46
-12.4998 28.3532 -1 41 47
-12.4998 29.0532 -1 41 48
-12.4998 29.7532 -1 41 49
-12.4998 30.4532 -1 41 50
-12.4998 31.1532 -1 41 51
-13.1998 -4.54681 -1 42 0
-13.1998 -3.84681 -1 42 1
-13.1998 -3.14681 -1 42 2
-13.1998 -2.44681 -1 42 3
-13.1998 -1.74681 -1 42 4
-13.1998 -1.04681 -1 42 5
-13.1998 -0.34681 -1 42 6
-13.1998 0.35319 -1 42 7
-13.1998 1.05319 -1 42 8
-13.1998 1.75319 -1 42 9
-13.1998 2.45319 -1 42 10
-13.1998 3.15319 -1 42 11
-13.1998 3.85319 -1 42 12
-13.1998 4.55319 -1 42 13
-13.1998 5.25319 -1 42 14
-13.1998 5.95319 -1 42 15
-13.1998 6.65319 -1 42 16
-13.1998 7.35319 -1 42 17
-13.1998 8.05319 -1 42 18
-13.1998 8.75319 -1 42 19
-13.1998 9.45319 -1 42 20
-13.1998 10.1532 -1 42 21
-13.1998 10.8532 -1 42 22
-13.1998 11.5532 1 42 23
-13.1998 12.2532 -1 42 24
-13.1998 12.9532 1 42 25
-13.1998 13.6532 1 42 26
-13.1998 14.3532 1 42 27
-13.1998 15.0532 -1 42 28
-13.1998 15.7532 -1 42 29
-13.1998 16.4532 -1 42 30
-13.1998 17.1532 -1 42 31
-13.1998 17.8532 -1 42 32
-13.1998 18.5532 -1 42 33
-13.1998 19.2532 -1 42 34
-13.1998 19.9532 -1 42 35
-13.1998 20.6532 -1 42 36
-13.1998 21.3532 -1 42 37
-13.1998 22.0532 -1 42 38
-13.1998 22.7532 -1 42 39
-13.1998 23.4532 -1 42 40
-13.1998 24.1532 -1 42 41
-13.1998 24.8532 -1 42 42
-13.1998 25.5532 -1 42 43
-13.1998 26.2532 -1 42 44
-13.1998 26.9532 -1 42 45
-13.1998 27.6532 -1 42 46
-13.1998 28.3532 -1 42 47
-13.1998 29.0532 -1 42 48
-13.1998 29.7532 -1 42 49
-13.1998 30.4532 -1 42 50
-13.1998 31.1532 -1 42 51
-13.8998 -4.54681 -1 43 0
-13.8998 -3.84681 -1 43 1
-13.8998 -3.14681 -1 43 2
-13.8998 -2.44681 -1 43 3
-13.8998 -1.74681 -1 43 4
-13.8998 -1.04681 -1 43 5
-13.8998 -0.34681 -1 43 6
-13.8998 0.35319 -1 43 7
-13.8998 1.05319 -1 43 8
-13.8998 1.75319 -1 43 9
-13.8998 2.45319 -1 43 10
-13.8998 3.15319 -1 43 11
-13.8998 3.85319 -1 43 12
-13.8998 4.55319 -1 43 13
-13.8998 5.25319 -1 43 14
-13.8998 5.95319 -1 43 15
-13.8998 6.65319 -1 43 16
-13.8998 7.35319 -1 43 17
-13.8998 8.05319 -1 43 18
-13.8998 8.75319 -1 43 19
-13.8998 9.45319 -1 43 20
-13.8998 10.1532 -1 43 21
-13.8998 10.8532 -1 43 22
-13.8998 11.5532 -1 43 23
-13.8998 12.2532 -1 43 24
-13.8998 12.9532 1 43 25
-13.8998 13.6532 1 43 26
-13.8998 14.3532 1 43 27
-13.8998 15.0532 1 43 28
-13.8998 15.7532 1 43 29
-13.8998 16.4532 -1 43 30
-13.8998 17.1532 -1 43 31
-13.8998 17.8532 -1 43 32
-13.8998 18.5532 -1 43 33
-13.8998 19.2532 -1 43 34
-13.8998 19.9532 -1 43 35
-13.8998 20.6532 -1 43 36
-13.8998 21.3532 -1 43 37
-13.8998 22.0532 -1 43 38
-13.8998 22.7532 -1 43 39
-13.8998 23.4532 -1 43 40
-13.8998 24.1532 -1 43 41
-13.8998 24.8532 -1 43 42
-13.8998 25.5532 -1 43 43
-13.8998 26.2532 -1 43 44
-13.8998 26.9532 -1 43 45
-13.8998 27.6532 -1 43 46
-13.8998 28.3532 -1 43 47
-13.8998 29.0532 -1 43 48
-13.8998 29.7532 -1 43 49
-13.8998 30.4532 -1 43 50
-13.8998 31.1532 -1 43 51
-14.5998 -4.54681 -1 44 0
-14.5998 -3.84681 -1 44 1
-14.5998 -3.14681 -1 44 2
-14.5998 -2.44681 -1 44 3
-14.5998 -1.74681 -1 44 4
-14.5998 -1.04681 -1 44 5
-14.5998 -0.34681 -1 44 6
-14.5998 0.35319 -1 44 7
-14.5998 1.05319 -1 44 8
-14.5998 1.75319 -1 44 9
-14.5998 2.45319 -1 44 10
-14.5998 3.15319 -1 44 11
-14.5998 3.85319 -1 44 12
-14.5998 4.55319 -1 44 13
-14.5998 5.25319 -1 44 14
-14.5998 5.95319 -1 44 15
-14.5998 6.65319 -1 44 16
-14.5998 7.35319 -1 44 17
-14.5998 8.05319 -1 44 18
-14.5998 8.75319 -1 44 19
-14.5998 9.45319 -1 44 20
-14.5998 10.1532 -1 44 21
-14.5998 10.8532 -1 44 22
-14.5998 11.5532 -1 44 23
-14.5998 12.2532 -1 44 24
-14.5998 12.9532 1 44 25
-14.5998 13.6532 1 44 26
-14.5998 14.3532 1 44 27
-14.5998 15.0532 -1 44 28
-14.5998 15.7532 -1 44 29
-14.5998 16.4532 -1 44 30
-14.5998 17.1532 -1 44 31
-14.5998 17.8532 -1 44 32
-14.5998 18.5532 -1 44 33
-14.5998 19.2532 -1 44 34
-14.5998 19.9532 -1 44 35
-14.5998 20.6532 -1 44 36
-14.5998 21.3532 -1 44 37
-14.5998 22.0532 -1 44 38
-14.5998 22.7532 -1 44 39
-14.5998 23.4532 -1 44 40
-14.5998 24.1532 -1 44 41
-14.5998 24.8532 -1 44 42
-14.5998 25.5532 -1 44 43
-14.5998 26.2532 -1 44 44
-14.5998 26.9532 -1 44 45
-14.5998 27.6532 -1 44 46
-14.5998 28.3532 -1 44 47
-14.5998 29.0532 -1 44 48
-14.5998 29.7532 -1 44 49
-14.5998 30.4532 -1 44 50
-14.5998 31.1532 -1 44 51
-15.2998 -4.54681 -1 45 0
-15.2998 -3.84681 -1 45 1
-15.2998 -3.14681 -1 45 2
-15.2998 -2.44681 -1 45 3
-15.2998 -1.74681 -1 45 4
-15.2998 -1.04681 -1 45 5
-15.2998 -0.34681 -1 45 6
-15.2998 0.35319 -1 45 7
-15.2998 1.05319 -1 45 8
-15.2998 1.75319 -1 45 9
-15.2998 2.45319 -1 45 10
-15.2998 3.15319 -1 45 11
-15.2998 3.85319 -1 45 12
-15.2998 4.55319 -1 45 13
-15.2998 5.25319 -1 45 14
-15.2998 5.95319 -1 45 15
-15.2998 6.65319 -1 45 16
-15.2998 7.35319 -1 45 17
-15.2998 8.05319 -1 45 18
-15.2998 8.75319 -1 45 19
-15.2998 9.45319 -1 45 20
-15.2998 10.1532 -1 45 21
-15.2998 10.8532 -1 45 22
-15.2998 11.5532 -1 45 23
-15.2998 12.2532 -1 45 24
-15.2998 12.9532 1 45 25
-15.2998 13.6532 1 45 26
-15.2998 14.3532 1 45 27
-15.2998 15.0532 -1 45 28
-15.2998 15.7532 1 45 29
-15.2998 16.4532 -1 45 30
-15.2998 17.1532 -1 45 31
-15.2998 17.8532 -1 45 32
-15.2998 18.5532 -1 45 33
-15.2998 19.2532 -1 45 34
-15.2998 19.9532 -1 45 35
-15.2998 20.6532 -1 45 36
-15.2998 21.3532 -1 45 37
-15.2998 22.0532 -1 45 38
-15.2998 22.7532 -1 45 39
-15.2998 23.4532 -1 45 40
-15.2998 24.1532 -1 45 41
-15.2998 24.8532 -1 45 42
-15.2998 25.5532 -1 45 43
-15.2998 26.2532 -1 45 44
-15.2998 26.9532 -1 45 45
-15.2998 27.6532 -1 45 46
-15.2998 28.3532 -1 45 47
-15.2998 29.0532 -1 45 48
-15.2998 29.7532 -1 45 49
-15.2998 30.4532 -1 45 50
-15.2998 31.1532 -1 45 51
-15.9998 -4.54681 -1 46 0
-15.9998 -3.84681 -1 46 1
-15.9998 -3.14681 -1 46 2
-15.9998 -2.44681 -1 46 3
-15.9998 -1.74681 -1 46 4
-15.9998 -1.04681 -1 46 5
-15.9998 -0.34681 -1 46 6
-15.9998 0.35319 -1 46 7
-15.9998 1.05319 -1 46 8
-15.9998 1.75319 -1 46 9
-15.9998 2.45319 -1 46 10
-15.9998 3.15319 -1 46 11
-15.9998 3.85319 -1 46 12
-15.9998 4.55319 -1 46 13
-15.9998 5.25319 -1 46 14
-15.9998 5.95319 -1 46 15
-15.9998 6.65319 -1 46 16
-15.9998 7.35319 -1 46 17
-15.9998 8.05319 -1 46 18
-15.9998 8.75319 -1 46 19
-15.9998 9.45319 -1 46 20
-15.9998 10.1532 -1 46 21
-15.9998 10.8532 -1 46 22
-15.9998 11.5532 -1 46 23
-15.9998 12.2532 -1 46 24
-15.9998 12.9532 1 46 25
-15.9998 13.6532 1 46 26
-15.9998 14.3532 1 46 27
-15.9998 15.0532 -1 46 28
-15.9998 15.7532 1 46 29
-15.9998 16.4532 -1 46 30
-15.9998 17.1532 -1 46 31
-15.9998 17.8532 -1 46 32
-15.9998 18.5532 -1 46 33
-15.9998 19.2532 -1 46 34
-15.9998 19.9532 -1 46 35
-15.9998 20.6532 -1 46 36
-15.9998 21.3532 -1 46 37
-15.9998 22.0532 -1 46 38
-15.9998 22.7532 -1 46 39
-15.9998 23.4532 -1 46 40
-15.9998 24.1532 -1 46 41
-15.9998 24.8532 -1 46 42
-15.9998 25.5532 -1 46 43
-15.9998 26.2532 -1 46 44
-15.9998 26.9532 -1 46 45
-15.9998 27.6532 -1 46 46
-15.9998 28.3532 -1 46 47
-15.9998 29.0532 -1 46 48
-15.9998 29.7532 -1 46 49
-15.9998 30.4532 -1 46 50
-15.9998 31.1532 -1 46 51
-16.6998 -4.54681 -1 47 0
-16.6998 -3.84681 -1 47 1
-16.6998 -3.14681 -1 47 2
-16.6998 -2.44681 -1 47 3
-16.6998 -1.74681 -1 47 4
-16.6998 -1.04681 -1 47 5
-16.6998 -0.34681 -1 47 6
-16.6998 0.35319 -1 47 7
-16.6998 1.05319 -1 47 8
-16.6998 1.75319 -1 47 9
-16.6998 2.45319 -1 47 10
-16.6998 3.15319 -1 47 11
-16.6998 3.85319 -1 47 12
-16.6998 4.55319 -1 47 13
-16.6998 5.25319 -1 47 14
-16.6998 5.95319 -1 47 15
-16.6998 6.65319 -1 47 16
-16.6998 7.35319 -1 47 17
-16.6998 8.05319 -1 47 18
-16.6998 8.75319 -1 47 19
-16.6998 9.45319 -1 47 20
-16.6998 10.1532 -1 47 21
-16.6998 10.8532 -1 47 22
-16.6998 11.5532 -1 47 23
-16.6998 12.2532 -1 47 24
-16.6998 12.9532 1 47 25
-16.6998 13.6532 1 47 26
-16.6998 14.3532 1 47 27
-16.6998 15.0532 -1 47 28
-16.6998 15.7532 -1 47 29
-16.6998 16.4532 -1 47 30
-16.6998 17.1532 -1 47 31
-16.6998 17.8532 -1 47 32
-16.6998 18.5532 -1 47 33
-16.6998 19.2532 -1 47 34
-16.6998 19.9532 -1 47 35
-16.6998 20.6532 -1 47 36
-16.6998 21.3532 -1 47 37
-16.6998 22.0532 -1 47 38
-16.6998 22.7532 -1 47 39
-16.6998 23.4532 -1 47 40
-16.6998 24.1532 -1 47 41
-16.6998 24.8532 -1 47 42
-16.6998 25.5532 -1 47 43
-16.6998 26.2532 -1 47 44
-16.6998 26.9532 -1 47 45
-16.6998 27.6532 -1 47 46
-16.6998 28.3532 -1 47 47
-16.6998 29.0532 -1 47 48
-16.6998 29.7532 -1 47 49
-16.6998 30.4532 -1 47 50
-16.6998 31.1532 -1 47 51
-17.3998 -4.54681 -1 48 0
-17.3998 -3.84681 -1 48 1
-17.3998 -3.14681 -1 48 2
-17.3998 -2.44681 -1 48 3
-17.3998 -1.74681 -1 48 4
-17.3998 -1.04681 -1 48 5
-17.3998 -0.34681 -1 48 6
-17.3998 0.35319 -1 48 7
-17.3998 1.05319 -1 48 8
-17.3998 1.75319 -1 48 9
-17.3998 2.45319 -1 48 10
-17.3998 3.15319 -1 48 11
-17.3998 3.85319 -1 48 12
-17.3998 4.55319 -1 48 13
-17.3998 5.25319 -1 48 14
-17.3998 5.95319 -1 48 15
-17.3998 6.65319 -1 48 16
-17.3998 7.35319 -1 48 17
-17.3998 8.05319 -1 48 18
-17.3998 8.75319 -1 48 19
-17.3998 9.45319 -1 48 20
-17.3998 10.1532 -1 48 21
-17.3998 10.8532 -1 48 22
-17.3998 11.5532 -1 48 23
-17.3998 12.2532 -1 48 24
-17.3998 12.9532 1 48 25
-17.3998 13.6532 1 48 26
-17.3998 14.3532 1 48 27
-17.3998 15.0532 -1 48 28
-17.3998 15.7532 -1 48 29
-17.3998 16.4532 1 48 30
-17.3998 17.1532 -1 48 31
-17.3998 17.8532 -1 48 32
-17.3998 18.5532 -1 48 33
-17.3998 19.2532 -1 48 34
-17.3998 19.9532 -1 48 35
-17.3998 20.6532 -1 48 36
-17.3998 21.3532 -1 48 37
-17.3998 22.0532 -1 48 38
-17.3998 22.7532 -1 48 39
-17.3998 23.4532 -1 48 40
-17.3998 24.1532 -1 48 41
-17.3998 24.8532 -1 48 42
-17.3998 25.5532 -1 48 43
-17.3998 26.2532 -1 48 44
-17.3998 26.9532 -1 48 45
-17.3998 27.6532 -1 48 46
-17.3998 28.3532 -1 48 47
-17.3998 29.0532 -1 48 48
-17.3998 29.7532 -1 48 49
-17.3998 30.4532 -1 48 50
-17.3998 31.1532 -1 48 51
-18.0998 -4.54681 -1 49 0
-18.0998 -3.84681 -1 49 1
-18.0998 -3.14681 -1 49 2
-18.0998 -2.44681 -1 49 3
-18.0998 -1.74681 -1 49 4
-18.0998 -1.04681 -1 49 5
-18.0998 -0.34681 -1 49 6
-18.0998 0.35319 -1 49 7
-18.0998 1.05319 -1 49 8
-18.0998 1.75319 -1 49 9
-18.0998 2.45319 -1 49 10
-18.0998 3.15319 -1 49 11
-18.0998 3.85319 -1 49 12
-18.0998 4.55319 -1 49 13
-18.0998 5.25319 -1 49 14
-18.0998 5.95319 -1 49 15
-18.0998 6.65319 -1 49 16
-18.0998 7.35319 -1 49 17
-18.0998 8.05319 -1 49 18
-18.0998 8.75319 -1 49 19
-18.0998 9.45319 -1 49 20
-18.0998 10.1532 -1 49 21
-18.0998 10.8532 -1 49 22
-18.0998 11.5532 -1 49 23
-18.0998 12.2532 -1 49 24
-18.0998 12.9532 1 49 25
-18.0998 13.6532 1 49 26
-18.0998 14.3532 1 49 27
-18.0998 15.0532 1 49 28
-18.0998 15.7532 1 49 29
-18.0998 16.4532 1 49 30
-18.0998 17.1532 -1 49 31
-18.0998 17.8532 -1 49 32
-18.0998 18.5532 -1 49 33
-18.0998 19.2532 -1 49 34
-18.0998 19.9532 -1 49 35
-18.0998 20.6532 -1 49 36
-18.0998 21.3532 -1 49 37
-18.0998 22.0532 -1 49 38
-18.0998 22.7532 -1 49 39
-18.0998 23.4532 -1 49 40
-18.0998 24.1532 -1 49 41
-18.0998 24.8532 -1 49 42
-18.0998 25.5532 -1 49 43
-18.0998 26.2532 -1 49 44
-18.0998 26.9532 -1 49 45
-18.0998 27.6532 -1 49 46
-18.0998 28.3532 -1 49 47
-18.0998 29.0532 -1 49 48
-18.0998 29.7532 -1 49 49
-18.0998 30.4532 -1 49 50
-18.0998 31.1532 -1 49 51
-18.7998 -4.54681 -1 50 0
-18.7998 -3.84681 -1 50 1
-18.7998 -3.14681 -1 50 2
-18.7998 -2.44681 -1 50 3
-18.7998 -1.74681 -1 50 4
-18.7998 -1.04681 -1 50 5
-18.7998 -0.34681 -1 50 6
-18.7998 0.35319 -1 50 7
-18.7998 1.05319 -1 50 8
-18.7998 1.75319 -1 50 9
-18.7998 2.45319 -1 50 10
-18.7998 3.15319 -1 50 11
-18.7998 3.85319 -1 50 12
-18.7998 4.55319 -1 50 13
-18.7998 5.25319 -1 50 14
-18.7998 5.95319 -1 50 15
-18.7998 6.65319 -1 50 16
-18.7998 7.35319 -1 50 17
-18.7998 8.05319 -1 50 18
-18.7998 8.75319 -1 50 19
-18.7998 9.45319 -1 50 20
-18.7998 10.1532 -1 50 21
-18.7998 10.8532 -1 50 22
-18.7998 11.5532 -1 50 23
-18.7998 12.2532 -1 50 24
-18.7998 12.9532 -1 50 25
-18.7998 13.6532 1 50 26
-18.7998 14.3532 1 50 27
-18.7998 15.0532 1 50 28
-18.7998 15.7532 1 50 29
-18.7998 16.4532 1 50 30
-18.7998 17.1532 -1 50 31
-18.7998 17.8532 -1 50 32
-18.7998 18.5532 -1 50 33
-18.7998 19.2532 -1 50 34
-18.7998 19.9532 -1 50 35
-18.7998 20.6532 -1 50 36
-18.7998 21.3532 -1 50 37
-18.7998 22.0532 -1 50 38
-18.7998 22.7532 -1 50 39
-18.7998 23.4532 -1 50 40
-18.7998 24.1532 -1 50 41
-18.7998 24.8532 -1 50 42
-18.7998 25.5532 -1 50 43
-18.7998 26.2532 -1 50 44
-18.7998 26.9532 -1 50 45
-18.7998 27.6532 -1 50 46
-18.7998 28.3532 -1 50 47
-18.7998 29.0532 -1 50 48
-18.7998 29.7532 -1 50 49
-18.7998 30.4532 -1 50 50
-18.7998 31.1532 -1 50 51
-19.4998 -4.54681 -1 51 0
-19.4998 -3.84681 -1 51 1
-19.4998 -3.14681 -1 51 2
-19.4998 -2.44681 -1 51 3
-19.4998 -1.74681 -1 51 4
-19.4998 -1.04681 -1 51 5
-19.4998 -0.34681 -1 51 6
-19.4998 0.35319 -1 51 7
-19.4998 1.05319 -1 51 8
-19.4998 1.75319 -1 51 9
-19.4998 2.45319 -1 51 10
-19.4998 3.15319 -1 51 11
-19.4998 3.85319 -1 51 12
-19.4998 4.55319 -1 51 13
-19.4998 5.25319 -1 51 14
-19.4998 5.95319 -1 51 15
-19.4998 6.65319 -1 51 16
-19.4998 7.35319 -1 51 17
-19.4998 8.05319 -1 51 18
-19.4998 8.75319 -1 51 19
-19.4998 9.45319 -1 51 20
-19.4998 10.1532 -1 51 21
-19.4998 10.8532 -1 51 22
-19.4998 11.5532 -1 51 23
-19.4998 12.2532 -1 51 24
-19.4998 12.9532 1 51 25
-19.4998 13.6532 -1 51 26
-19.4998 14.3532 1 51 27
-19.4998 15.0532 1 51 28
-19.4998 15.7532 1 51 29
-19.4998 16.4532 1 51 30
-19.4998 17.1532 -1 51 31
-19.4998 17.8532 -1 51 32
-19.4998 18.5532 -1 51 33
-19.4998 19.2532 -1 51 34
-19.4998 19.9532 -1 51 35
-19.4998 20.6532 -1 51 36
-19.4998 21.3532 -1 51 37
-19.4998 22.0532 -1 51 38
-19.4998 22.7532 -1 51 39
-19.4998 23.4532 -1 51 40
-19.4998 24.1532 -1 51 41
-19.4998 24.8532 -1 51 42
-19.4998 25.5532 -1 51 43
-19.4998 26.2532 -1 51 44
-19.4998 26.9532 -1 51 45
-19.4998 27.6532 -1 51 46
-19.4998 28.3532 -1 51 47
-19.4998 29.0532 -1 51 48
-19.4998 29.7532 -1 51 49
-19.4998 30.4532 -1 51 50
-19.4998 31.1532 -1 51 51
-20.1998 -4.54681 -1 52 0
-20.1998 -3.84681 -1 52 1
-20.1998 -3.14681 -1 52 2
-20.1998 -2.44681 -1 52 3
-20.1998 -1.74681 -1 52 4
-20.1998 -1.04681 -1 52 5
-20.1998 -0.34681 -1 52 6
-20.1998 0.35319 -1 52 7
-20.1998 1.05319 -1 52 8
-20.1998 1.75319 -1 52 9
-20.1998 2.45319 -1 52 10
-20.1998 3.15319 -1 52 11
-20.1998 3.85319 -1 52 12
-20.1998 4.55319 -1 52 13
-20.1998 5.25319 -1 52 14
-20.1998 5.95319 -1 52 15
-20.1998 6.65319 -1 52 16
-20.1998 7.35319 -1 52 17
-20.1998 8.05319 -1 52 18
-20.1998 8.75319 -1 52 19
-20.1998 9.45319 -1 52 20
-20.1998 10.1532 -1 52 21
-20.1998 10.8532 -1 52 22
-20.1998 11.5532 -1 52 23
-20.1998 12.2532 -1 52 24
-20.1998 12.9532 1 52 25
-20.1998 13.6532 -1 52 26
-20.1998 14.3532 -1 52 27
-20.1998 15.0532 1 52 28
-20.1998 15.7532 1 52 29
-20.1998 16.4532 -1 52 30
-20.1998 17.1532 -1 52 31
-20.1998 17.8532 -1 52 32
-20.1998 18.5532 -1 52 33
-20.1998 19.2532 -1 52 34
-20.1998 19.9532 -1 52 35
-20.1998 20.6532 -1 52 36
-20.1998 21.3532 -1 52 37
-20.1998 22.0532 -1 52 38
-20.1998 22.7532 -1 52 39
-20.1998 23.4532 -1 52 40
-20.1998 24.1532 -1 52 41
-20.1998 24.8532 -1 52 42
-20.1998 25.5532 -1 52 43
-20.1998 26.2532 -1 52 44
-20.1998 26.9532 -1 52 45
-20.1998 27.6532 -1 52 46
-20.1998 28.3532 -1 52 47
-20.1998 29.0532 -1 52 48
-20.1998 29.7532 -1 52 49
-20.1998 30.4532 -1 52 50
-20.1998 31.1532 -1 52 51
-20.8998 -4.54681 -1 53 0
-20.8998 -3.84681 -1 53 1
-20.8998 -3.14681 -1 53 2
-20.8998 -2.44681 -1 53 3
-20.8998 -1.74681 -1 53 4
-20.8998 -1.04681 -1 53 5
-20.8998 -0.34681 -1 53 6
-20.8998 0.35319 -1 53 7
-20.8998 1.05319 -1 53 8
-20.8998 1.75319 -1 53 9
-20.8998 2.45319 -1 53 10
-20.8998 3.15319 -1 53 11
-20.8998 3.85319 -1 53 12
-20.8998 4.55319 -1 53 13
-20.8998 5.25319 -1 53 14
-20.8998 5.95319 -1 53 15
-20.8998 6.65319 -1 53 16
-20.8998 7.35319 -1 53 17
-20.8998 8.05319 -1 53 18
-20.8998 8.75319 -1 53 19
-20.8998 9.45319 -1 53 20
-20.8998 10.1532 -1 53 21
-20.8998 10.8532 -1 53 22
-20.8998 11.5532 -1 53 23
-20.8998 12.2532 -1 53 24
-20.8998 12.9532 -1 53 25
-20.8998 13.6532 -1 53 26
-20.8998 14.3532 -1 53 27
-20.8998 15.0532 1 53 28
-20.8998 15.7532 1 53 29
-20.8998 16.4532 1 53 30
-20.8998 17.1532 -1 53 31
-20.8998 17.8532 -1 53 32
-20.8998 18.5532 -1 53 33
-20.8998 19.2532 -1 53 34
-20.8998 19.9532 -1 53 35
-20.8998 20.6532 -1 53 36
-20.8998 21.3532 -1 53 37
-20.8998 22.0532 -1 53 38
-20.8998 22.7532 -1 53 39
-20.8998 23.4532 -1 53 40
-20.8998 24.1532 -1 53 41
-20.8998 24.8532 -1 53 42
-20.8998 25.5532 -1 53 43
-20.8998 26.2532 -1 53 44
-20.8998 26.9532 -1 53 45
-20.8998 27.6532 -1 53 46
-20.8998 28.3532 -1 53 47
-20.8998 29.0532 -1 53 48
-20.8998 29.7532 -1 53 49
-20.8998 30.4532 -1 53 50
-20.8998 31.1532 -1 53 51
-21.5998 -4.54681 -1 54 0
-21.5998 -3.84681 -1 54 1
-21.5998 -3.14681 -1 54 2
-21.5998 -2.44681 -1 54 3
-21.5998 -1.74681 -1 54 4
-21.5998 -1.04681 -1 54 5
-21.5998 -0.34681 -1 54 6
-21.5998 0.35319 -1 54 7
-21.5998 1.05319 -1 54 8
-21.5998 1.75319 -1 54 9
-21.5998 2.45319 -1 54 10
-21.5998 3.15319 -1 54 11
-21.5998 3.85319 -1 54 12
-21.5998 4.55319 -1 54 13
-21.5998 5.25319 -1 54 14
-21.5998 5.95319 -1 54 15
-21.5998 6.65319 -1 54 16
-21.5998 7.35319 -1 54 17
-21.5998 8.05319 -1 54 18
-21.5998 8.75319 -1 54 19
-21.5998 9.45319 -1 54 20
-21.5998 10.1532 -1 54 21
-21.5998 10.8532 -1 54 22
-21.5998 11.5532 -1 54 23
-21.5998 12.2532 -1 54 24
-21.5998 12.9532 -1 54 25
-21.5998 13.6532 -1 54 26
-21.5998 14.3532 -1 54 27
-21.5998 15.0532 1 54 28
-21.5998 15.7532 -1 54 29
-21.5998 16.4532 -1 54 30
-21.5998 17.1532 -1 54 31
-21.5998 17.8532 -1 54 32
-21.5998 18.5532 -1 54 33
-21.5998 19.2532 -1 54 34
-21.5998 19.9532 -1 54 35
-21.5998 20.6532 -1 54 36
-21.5998 21.3532 -1 54 37
-21.5998 22.0532 -1 54 38
-21.5998 22.7532 -1 54 39
-21.5998 23.4532 -1 54 40
-21.5998 24.1532 -1 54 41
-21.5998 24.8532 -1 54 42
-21.5998 25.5532 -1 54 43
-21.5998 26.2532 -1 54 44
-21.5998 26.9532 -1 54 45
-21.5998 27.6532 -1 54 46
-21.5998 28.3532 -1 54 47
-21.5998 29.0532 -1 54 48
-21.5998 29.7532 -1 54 49
-21.5998 30.4532 -1 54 50
-21.5998 31.1532 -1 54 51
-22.2998 -4.54681 -1 55 0
-22.2998 -3.84681 -1 55 1
-22.2998 -3.14681 -1 55 2
-22.2998 -2.44681 -1 55 3
-22.2998 -1.74681 -1 55 4
-22.2998 -1.04681 -1 55 5
-22.2998 -0.34681 -1 55 6
-22.2998 0.35319 -1 55 7
-22.2998 1.05319 -1 55 8
-22.2998 1.75319 -1 55 9
-22.2998 2.45319 -1 55 10
-22.2998 3.15319 -1 55 11
-22.2998 3.85319 -1 55 12
-22.2998 4.55319 -1 55 13
-22.2998 5.25319 -1 55 14
-22.2998 5.95319 -1 55 15
-22.2998 6.65319 -1 55 16
-22.2998 7.35319 -1 55 17
-22.2998 8.05319 -1 55 18
-22.2998 8.75319 -1 55 19
-22.2998 9.45319 -1 55 20
-22.2998 10.1532 -1 55 21
-22.2998 10.8532 -1 55 22
-22.2998 11.5532 -1 55 23
-22.2998 12.2532 -1 55 24
-22.2998 12.9532 -1 55 25
-22.2998 13.6532 -1 55 26
-22.2998 14.3532 -1 55 27
-22.2998 15.0532 1 55 28
-22.2998 15.7532 -1 55 29
-22.2998 16.4532 -1 55 30
-22.2998 17.1532 -1 55 31
-22.2998 17.8532 -1 55 32
-22.2998 18.5532 -1 55 33
-22.2998 19.2532 -1 55 34
-22.2998 19.9532 -1 55 35
-22.2998 20.6532 -1 55 36
-22.2998 21.3532 -1 55 37
-22.2998 22.0532 -1 55 38
-22.2998 22.7532 -1 55 39
-22.2998 23.4532 -1 55 40
-22.2998 24.1532 -1 55 41
-22.2998 24.8532 -1 55 42
-22.2998 25.5532 -1 55 43
-22.2998 26.2532 -1 55 44
-22.2998 26.9532 -1 55 45
-22.2998 27.6532 -1 55 46
-22.2998 28.3532 -1 55 47
-22.2998 29.0532 -1 55 48
-22.2998 29.7532 -1 55 49
-22.2998 30.4532 -1 55 50
-22.2998 31.1532 -1 55 51
-22.9998 -4.54681 -1 56 0
-22.9998 -3.84681 -1 56 1
-22.9998 -3.14681 -1 56 2
-22.9998 -2.44681 -1 56 3
-22.9998 -1.74681 -1 56 4
-22.9998 -1.04681 -1 56 5
-22.9998 -0.34681 -1 56 6
-22.9998 0.35319 -1 56 7
-22.9998 1.05319 -1 56 8
-22.9998 1.75319 -1 56 9
-22.9998 2.45319 -1 56 10
-22.9998 3.15319 -1 56 11
-22.9998 3.85319 -1 56 12
-22.9998 4.55319 -1 56 13
-22.9998 5.25319 -1 56 14
-22.9998 5.95319 -1 56 15
-22.9998 6.65319 -1 56 16
-22.9998 7.35319 -1 56 17
-22.9998 8.05319 -1 56 18
-22.9998 8.75319 -1 56 19
-22.9998 9.45319 -1 56 20
-22.9998 10.1532 -1 56 21
-22.9998 10.8532 -1 56 22
-22.9998 11.5532 -1 56 23
-22.9998 12.2532 -1 56 24
-22.9998 12.9532 -1 56 25
-22.9998 13.6532 -1 56 26
-22.9998 14.3532 -1 56 27
-22.9998 15.0532 -1 56 28
-22.9998 15.7532 -1 56 29
-22.9998 16.4532 -1 56 30
-22.9998 17.1532 -1 56 31
-22.9998 17.8532 -1 56 32
-22.9998 18.5532 -1 56 33
-22.9998 19.2532 -1 56 34
-22.9998 19.9532 -1 56 35
-22.9998 20.6532 -1 56 36
-22.9998 21.3532 -1 56 37
-22.9998 22.0532 -1 56 38
-22.9998 22.7532 -1 56 39
-22.9998 23.4532 -1 56 40
-22.9998 24.1532 -1 56 41
-22.9998 24.8532 -1 56 42
-22.9998 25.5532 -1 56 43
-22.9998 26.2532 -1 56 44
-22.9998 26.9532 -1 56 45
-22.9998 27.6532 -1 56 46
-22.9998 28.3532 -1 56 47
-22.9998 29.0532 -1 56 48
-22.9998 29.7532 -1 56 49
-22.9998 30.4532 -1 56 50
-22.9998 31.1532 -1 56 51
-23.6998 -4.54681 -1 57 0
-23.6998 -3.84681 -1 57 1
-23.6998 -3.14681 -1 57 2
-23.6998 -2.44681 -1 57 3
-23.6998 -1.74681 -1 57 4
-23.6998 -1.04681 -1 57 5
-23.6998 -0.34681 -1 57 6
-23.6998 0.35319 -1 57 7
-23.6998 1.05319 -1 57 8
-23.6998 1.75319 -1 57 9
-23.6998 2.45319 -1 57 10
-23.6998 3.15319 -1 57 11
-23.6998 3.85319 -1 57 12
-23.6998 4.55319 -1 57 13
-23.6998 5.25319 -1 57 14
-23.6998 5.95319 -1 57 15
-23.6998 6.65319 -1 57 16
-23.6998 7.35319 -1 57 17
-23.6998 8.05319 -1 57 18
-23.6998 8.75319 -1 57 19
-23.6998 9.45319 -1 57 20
-23.6998 10.1532 -1 57 21
-23.6998 10.8532 -1 57 22
-23.6998 11.5532 -1 57 23
-23.6998 12.2532 -1 57 24
-23.6998 12.9532 -1 57 25
-23.6998 13.6532 -1 57 26
-23.6998 14.3532 -1 57 27
-23.6998 15.0532 -1 57 28
-23.6998 15.7532 -1 57 29
-23.6998 16.4532 -1 57 30
-23.6998 17.1532 -1 57 31
-23.6998 17.8532 -1 57 32
-23.6998 18.5532 -1 57 33
-23.6998 19.2532 -1 57 34
-23.6998 19.9532 -1 57 35
-23.6998 20.6532 -1 57 36
-23.6998 21.3532 -1 57 37
-23.6998 22.0532 -1 57 38
-23.6998 22.7532 -1 57 39
-23.6998 23.4532 -1 57 40
-23.6998 24.1532 -1 57 41
-23.6998 24.8532 -1 57 42
-23.6998 25.5532 -1 57 43
-23.6998 26.2532 -1 57 44
-23.6998 26.9532 -1 57 45
-23.6998 27.6532 -1 57 46
-23.6998 28.3532 -1 57 47
-23.6998 29.0532 -1 57 48
-23.6998 29.7532 -1 57 49
-23.6998 30.4532 -1 57 50
-23.6998 31.1532 -1 57 51
-24.3998 -4.54681 -1 58 0
-24.3998 -3.84681 -1 58 1
-24.3998 -3.14681 -1 58 2
-24.3998 -2.44681 -1 58 3
-24.3998 -1.74681 -1 58 4
-24.3998 -1.04681 -1 58 5
-24.3998 -0.34681 -1 58 6
-24.3998 0.35319 -1 58 7
-24.3998 1.05319 -1 58 8
-24.3998 1.75319 -1 58 9
-24.3998 2.45319 -1 58 10
-24.3998 3.15319 -1 58 11
-24.3998 3.85319 -1 58 12
-24.3998 4.55319 -1 58 13
-24.3998 5.25319 -1 58 14
-24.3998 5.95319 -1 58 15
-24.3998 6.65319 -1 58 16
-24.3998 7.35319 -1 58 17
-24.3998 8.05319 -1 58 18
-24.3998 8.75319 -1 58 19
-24.3998 9.45319 -1 58 20
-24.3998 10.1532 -1 58 21
-24.3998 10.8532 -1 58 22
-24.3998 11.5532 -1 58 23
-24.3998 12.2532 -1 58 24
-24.3998 12.9532 -1 58 25
-24.3998 13.6532 -1 58 26
-24.3998 14.3532 -1 58 27
-24.3998 15.0532 -1 58 28
-24.3998 15.7532 -1 58 29
-24.3998 16.4532 -1 58 30
-24.3998 17.1532 -1 58 31
-24.3998 17.8532 -1 58 32
-24.3998 18.5532 -1 58 33
-24.3998 19.2532 -1 58 34
-24.3998 19.9532 -1 58 35
-24.3998 20.6532 -1 58 36
-24.3998 21.3532 -1 58 37
-24.3998 22.0532 -1 58 38
-24.3998 22.7532 -1 58 39
-24.3998 23.4532 -1 58 40
-24.3998 24.1532 -1 58 41
-24.3998 24.8532 -1 58 42
-24.3998 25.5532 -1 58 43
-24.3998 26.2532 -1 58 44
-24.3998 26.9532 -1 58 45
-24.3998 27.6532 -1 58 46
-24.3998 28.3532 -1 58 47
-24.3998 29.0532 -1 58 48
-24.3998 29.7532 -1 58 49
-24.3998 30.4532 -1 58 50
-24.3998 31.1532 -1 58 51
-25.0998 -4.54681 -1 59 0
-25.0998 -3.84681 -1 59 1
-25.0998 -3.14681 -1 59 2
-25.0998 -2.44681 -1 59 3
-25.0998 -1.74681 -1 59 4
-25.0998 -1.04681 -1 59 5
-25.0998 -0.34681 -1 59 6
-25.0998 0.35319 -1 59 7
-25.0998 1.05319 -1 59 8
-25.0998 1.75319 -1 59 9
-25.0998 2.45319 -1 59 10
-25.0998 3.15319 -1 59 11
-25.0998 3.85319 -1 59 12
-25.0998 4.55319 -1 59 13
-25.0998 5.25319 -1 59 14
-25.0998 5.95319 -1 59 15
-25.0998 6.65319 -1 59 16
-25.0998 7.35319 -1 59 17
-25.0998 8.05319 -1 59 18
-25.0998 8.75319 -1 59 19
-25.0998 9.45319 -1 59 20
-25.0998 10.1532 -1 59 21
-25.0998 10.8532 -1 59 22
-25.0998 11.5532 -1 59 23
-25.0998 12.2532 -1 59 24
-25.0998 12.9532 -1 59 25
-25.0998 13.6532 -1 59 26
-25.0998 14.3532 -1 59 27
-25.0998 15.0532 -1 59 28
-25.0998 15.7532 -1 59 29
-25.0998 16.4532 -1 59 30
-25.0998 17.1532 -1 59 31
-25.0998 17.8532 -1 59 32
-25.0998 18.5532 -1 59 33
-25.0998 19.2532 -1 59 34
-25.0998 19.9532 -1 59 35
-25.0998 20.6532 -1 59 36
-25.0998 21.3532 -1 59 37
-25.0998 22.0532 -1 59 38
-25.0998 22.7532 -1 59 39
-25.0998 23.4532 -1 59 40
-25.0998 24.1532 -1 59 41
-25.0998 24.8532 -1 59 42
-25.0998 25.5532 -1 59 43
-25.0998 26.2532 -1 59 44
-25.0998 26.9532 -1 59 45
-25.0998 27.6532 -1 59 46
-25.0998 28.3532 -1 59 47
-25.0998 29.0532 -1 59 48
-25.0998 29.7532 -1 59 49
-25.0998 30.4532 -1 59 50
-25.0998 31.1532 -1 59 51
-25.7998 -4.54681 -1 60 0
-25.7998 -3.84681 -1 60 1
-25.7998 -3.14681 -1 60 2
-25.7998 -2.44681 -1 60 3
-25.7998 -1.74681 -1 60 4
-25.7998 -1.04681 -1 60 5
-25.7998 -0.34681 -1 60 6
-25.7998 0.35319 -1 60 7
-25.7998 1.05319 -1 60 8
-25.7998 1.75319 -1 60 9
-25.7998 2.45319 -1 60 10
-25.7998 3.15319 -1 60 11
-25.7998 3.85319 -1 60 12
-25.7998 4.55319 -1 60 13
-25.7998 5.25319 -1 60 14
-25.7998 5.95319 -1 60 15
-25.7998 6.65319 -1 60 16
-25.7998 7.35319 -1 60 17
-25.7998 8.05319 -1 60 18
-25.7998 8.75319 -1 60 19
-25.7998 9.45319 -1 60 20
-25.7998 10.1532 -1 60 21
-25.7998 10.8532 -1 60 22
-25.7998 11.5532 -1 60 23
-25.7998 12.2532 -1 60 24
-25.7998 12.9532 -1 60 25
-25.7998 13.6532 -1 60 26
-25.7998 14.3532 -1 60 27
-25.7998 15.0532 -1 60 28
-25.7998 15.7532 -1 60 29
-25.7998 16.4532 -1 60 30
-25.7998 17.1532 -1 60 31
-25.7998 17.8532 -1 60 32
-25.7998 18.5532 -1 60 33
-25.7998 19.2532 -1 60 34
-25.7998 19.9532 -1 60 35
-25.7998 20.6532 -1 60 36
-25.7998 21.3532 -1 60 37
-25.7998 22.0532 -1 60 38
-25.7998 22.7532 -1 60 39
-25.7998 23.4532 -1 60 40
-25.7998 24.1532 -1 60 41
-25.7998 24.8532 -1 60 42
-25.7998 25.5532 -1 60 43
-25.7998 26.2532 -1 60 44
-25.7998 26.9532 -1 60 45
-25.7998 27.6532 -1 60 46
-25.7998 28.3532 -1 60 47
-25.7998 29.0532 -1 60 48
-25.7998 29.7532 -1 60 49
-25.7998 30.4532 -1 60 50
