9.46148 -3.69372 -1 0 0
9.46148 -2.99372 6 0 1
9.46148 -2.29372 1 0 2
9.46148 -1.59372 1 0 3
9.46148 -0.893724 1 0 4
9.46148 -0.193724 1 0 5
9.46148 0.506276 1 0 6
9.46148 1.20628 1 0 7
9.46148 1.90628 1 0 8
9.46148 2.60628 1 0 9
9.46148 3.30628 1 0 10
9.46148 4.00628 1 0 11
9.46148 4.70628 1 0 12
9.46148 5.40628 1 0 13
8.76148 -3.69372 1 1 0
8.76148 -2.99372 1 1 1
8.76148 -2.29372 1 1 2
8.76148 -1.59372 1 1 3
8.76148 -0.893724 1 1 4
8.76148 -0.193724 1 1 5
8.76148 0.506276 1 1 6
8.76148 1.20628 1 1 7
8.76148 1.90628 1 1 8
8.76148 2.60628 1 1 9
8.76148 3.30628 1 1 10
8.76148 4.00628 1 1 11
8.76148 4.70628 1 1 12
8.76148 5.40628 1 1 13
8.06148 -3.69372 1 2 0
8.06148 -2.99372 1 2 1
8.06148 -2.29372 1 2 2
8.06148 -1.59372 1 2 3
8.06148 -0.893724 1 2 4
8.06148 -0.193724 1 2 5
8.06148 0.506276 1 2 6
8.06148 1.20628 1 2 7
8.06148 1.90628 1 2 8
8.06148 2.60628 1 2 9
8.06148 3.30628 1 2 10
8.06148 4.00628 1 2 11
8.06148 4.70628 1 2 12
8.06148 5.40628 1 2 13
7.36148 -3.69372 1 3 0
7.36148 -2.99372 1 3 1
7.36148 -2.29372 1 3 2
7.36148 -1.59372 1 3 3
7.36148 -0.893724 1 3 4
7.36148 -0.193724 1 3 5
7.36148 0.506276 1 3 6
7.36148 1.20628 1 3 7
7.36148 1.90628 1 3 8
7.36148 2.60628 1 3 9
7.36148 3.30628 1 3 10
7.36148 4.00628 1 3 11
7.36148 4.70628 1 3 12
7.36148 5.40628 1 3 13
6.66148 -3.69372 1 4 0
6.66148 -2.99372 1 4 1
6.66148 -2.29372 1 4 2
6.66148 -1.59372 1 4 3
6.66148 -0.893724 1 4 4
6.66148 -0.193724 1 4 5
6.66148 0.506276 1 4 6
6.66148 1.20628 1 4 7
6.66148 1.90628 1 4 8
6.66148 2.60628 1 4 9
6.66148 3.30628 1 4 10
6.66148 4.00628 1 4 11
6.66148 4.70628 1 4 12
6.66148 5.40628 1 4 13
5.96148 -3.69372 1 5 0
5.96148 -2.99372 1 5 1
5.96148 -2.29372 1 5 2
5.96148 -1.59372 1 5 3
5.96148 -0.893724 1 5 4
5.96148 -0.193724 1 5 5
5.96148 0.506276 1 5 6
5.96148 1.20628 1 5 7
5.96148 1.90628 1 5 8
5.96148 2.60628 1 5 9
5.96148 3.30628 1 5 10
5.96148 4.00628 1 5 11
5.96148 4.70628 1 5 12
5.96148 5.40628 1 5 13
5.26148 -3.69372 1 6 0
5.26148 -2.99372 1 6 1
5.26148 -2.29372 1 6 2
5.26148 -1.59372 1 6 3
5.26148 -0.893724 1 6 4
5.26148 -0.193724 1 6 5
5.26148 0.506276 1 6 6
5.26148 1.20628 1 6 7
5.26148 1.90628 1 6 8
5.26148 2.60628 1 6 9
5.26148 3.30628 1 6 10
5.26148 4.00628 1 6 11
5.26148 4.70628 1 6 12
5.26148 5.40628 1 6 13
4.56148 -3.69372 1 7 0
4.56148 -2.99372 1 7 1
4.56148 -2.29372 1 7 2
4.56148 -1.59372 1 7 3
4.56148 -0.893724 1 7 4
4.56148 -0.193724 1 7 5
4.56148 0.506276 1 7 6
4.56148 1.20628 1 7 7
4.56148 1.90628 1 7 8
4.56148 2.60628 1 7 9
4.56148 3.30628 1 7 10
4.56148 4.00628 1 7 11
4.56148 4.70628 1 7 12
4.56148 5.40628 1 7 13
3.86148 -3.69372 1 8 0
3.86148 -2.99372 1 8 1
3.86148 -2.29372 1 8 2
3.86148 -1.59372 1 8 3
3.86148 -0.893724 1 8 4
3.86148 -0.193724 1 8 5
3.86148 0.506276 1 8 6
3.86148 1.20628 1 8 7
3.86148 1.90628 1 8 8
3.86148 2.60628 1 8 9
3.86148 3.30628 1 8 10
3.86148 4.00628 1 8 11
3.86148 4.70628 1 8 12
3.86148 5.40628 1 8 13
3.16148 -3.69372 1 9 0
3.16148 -2.99372 1 9 1
3.16148 -2.29372 1 9 2
3.16148 -1.59372 1 9 3
3.16148 -0.893724 1 9 4
3.16148 -0.193724 1 9 5
3.16148 0.506276 1 9 6
3.16148 1.20628 1 9 7
3.16148 1.90628 1 9 8
3.16148 2.60628 1 9 9
3.16148 3.30628 1 9 10
3.16148 4.00628 1 9 11
3.16148 4.70628 1 9 12
3.16148 5.40628 1 9 13
2.46148 -3.69372 1 10 0
2.46148 -2.99372 1 10 1
2.46148 -2.29372 1 10 2
2.46148 -1.59372 1 10 3
2.46148 -0.893724 1 10 4
2.46148 -0.193724 1 10 5
2.46148 0.506276 1 10 6
2.46148 1.20628 1 10 7
2.46148 1.90628 1 10 8
2.46148 2.60628 1 10 9
2.46148 3.30628 1 10 10
2.46148 4.00628 1 10 11
2.46148 4.70628 1 10 12
2.46148 5.40628 1 10 13
1.76148 -3.69372 1 11 0
1.76148 -2.99372 1 11 1
1.76148 -2.29372 1 11 2
1.76148 -1.59372 1 11 3
1.76148 -0.893724 1 11 4
1.76148 -0.193724 1 11 5
1.76148 0.506276 1 11 6
1.76148 1.20628 1 11 7
1.76148 1.90628 1 11 8
1.76148 2.60628 1 11 9
1.76148 3.30628 1 11 10
1.76148 4.00628 1 11 11
1.76148 4.70628 1 11 12
1.76148 5.40628 1 11 13
1.06148 -3.69372 1 12 0
1.06148 -2.99372 1 12 1
1.06148 -2.29372 1 12 2
1.06148 -1.59372 1 12 3
1.06148 -0.893724 1 12 4
1.06148 -0.193724 1 12 5
1.06148 0.506276 1 12 6
1.06148 1.20628 1 12 7
1.06148 1.90628 1 12 8
1.06148 2.60628 1 12 9
1.06148 3.30628 1 12 10
1.06148 4.00628 1 12 11
1.06148 4.70628 1 12 12
1.06148 5.40628 1 12 13
0.36148 -3.69372 1 13 0
0.36148 -2.99372 1 13 1
0.36148 -2.29372 1 13 2
0.36148 -1.59372 1 13 3
0.36148 -0.893724 1 13 4
0.36148 -0.193724 1 13 5
0.36148 0.506276 1 13 6
0.36148 1.20628 1 13 7
0.36148 1.90628 1 13 8
0.36148 2.60628 1 13 9
0.36148 3.30628 1 13 10
0.36148 4.00628 1 13 11
0.36148 4.70628 1 13 12
