-61.7395 -45.8071 -1 0 0
-61.7395 -45.1071 6 0 1
-61.7395 -44.4071 1 0 2
-61.7395 -43.7071 1 0 3
-61.7395 -43.0071 1 0 4
-61.7395 -42.3071 1 0 5
-61.7395 -41.6071 1 0 6
-61.7395 -40.9071 1 0 7
-61.7395 -40.2071 1 0 8
-61.7395 -39.5071 1 0 9
-61.7395 -38.8071 1 0 10
-61.7395 -38.1071 1 0 11
-61.7395 -37.4071 1 0 12
-61.7395 -36.7071 1 0 13
-62.4395 -45.8071 1 1 0
-62.4395 -45.1071 1 1 1
-62.4395 -44.4071 1 1 2
-62.4395 -43.7071 1 1 3
-62.4395 -43.0071 1 1 4
-62.4395 -42.3071 1 1 5
-62.4395 -41.6071 1 1 6
-62.4395 -40.9071 1 1 7
-62.4395 -40.2071 1 1 8
-62.4395 -39.5071 1 1 9
-62.4395 -38.8071 1 1 10
-62.4395 -38.1071 1 1 11
-62.4395 -37.4071 1 1 12
-62.4395 -36.7071 1 1 13
-63.1395 -45.8071 1 2 0
-63.1395 -45.1071 1 2 1
-63.1395 -44.4071 1 2 2
-63.1395 -43.7071 1 2 3
-63.1395 -43.0071 1 2 4
-63.1395 -42.3071 1 2 5
-63.1395 -41.6071 1 2 6
-63.1395 -40.9071 1 2 7
-63.1395 -40.2071 1 2 8
-63.1395 -39.5071 1 2 9
-63.1395 -38.8071 1 2 10
-63.1395 -38.1071 1 2 11
-63.1395 -37.4071 1 2 12
-63.1395 -36.7071 1 2 13
-63.8395 -45.8071 1 3 0
-63.8395 -45.1071 1 3 1
-63.8395 -44.4071 1 3 2
-63.8395 -43.7071 1 3 3
-63.8395 -43.0071 1 3 4
-63.8395 -42.3071 1 3 5
-63.8395 -41.6071 1 3 6
-63.8395 -40.9071 1 3 7
-63.8395 -40.2071 1 3 8
-63.8395 -39.5071 1 3 9
-63.8395 -38.8071 1 3 10
-63.8395 -38.1071 1 3 11
-63.8395 -37.4071 1 3 12
-63.8395 -36.7071 1 3 13
-64.5395 -45.8071 1 4 0
-64.5395 -45.1071 1 4 1
-64.5395 -44.4071 1 4 2
-64.5395 -43.7071 1 4 3
-64.5395 -43.0071 1 4 4
-64.5395 -42.3071 1 4 5
-64.5395 -41.6071 1 4 6
-64.5395 -40.9071 1 4 7
-64.5395 -40.2071 1 4 8
-64.5395 -39.5071 1 4 9
-64.5395 -38.8071 1 4 10
-64.5395 -38.1071 1 4 11
-64.5395 -37.4071 1 4 12
-64.5395 -36.7071 1 4 13
-65.2395 -45.8071 1 5 0
-65.2395 -45.1071 1 5 1
-65.2395 -44.4071 1 5 2
-65.2395 -43.7071 1 5 3
-65.2395 -43.0071 1 5 4
-65.2395 -42.3071 1 5 5
-65.2395 -41.6071 1 5 6
-65.2395 -40.9071 1 5 7
-65.2395 -40.2071 1 5 8
-65.2395 -39.5071 1 5 9
-65.2395 -38.8071 1 5 10
-65.2395 -38.1071 1 5 11
-65.2395 -37.4071 1 5 12
-65.2395 -36.7071 1 5 13
-65.9395 -45.8071 1 6 0
-65.9395 -45.1071 1 6 1
-65.9395 -44.4071 1 6 2
-65.9395 -43.7071 1 6 3
-65.9395 -43.0071 1 6 4
-65.9395 -42.3071 1 6 5
-65.9395 -41.6071 1 6 6
-65.9395 -40.9071 1 6 7
-65.9395 -40.2071 1 6 8
-65.9395 -39.5071 1 6 9
-65.9395 -38.8071 1 6 10
-65.9395 -38.1071 1 6 11
-65.9395 -37.4071 1 6 12
-65.9395 -36.7071 1 6 13
-66.6395 -45.8071 1 7 0
-66.6395 -45.1071 1 7 1
-66.6395 -44.4071 1 7 2
-66.6395 -43.7071 1 7 3
-66.6395 -43.0071 1 7 4
-66.6395 -42.3071 1 7 5
-66.6395 -41.6071 1 7 6
-66.6395 -40.9071 1 7 7
-66.6395 -40.2071 1 7 8
-66.6395 -39.5071 1 7 9
-66.6395 -38.8071 1 7 10
-66.6395 -38.1071 1 7 11
-66.6395 -37.4071 1 7 12
-66.6395 -36.7071 1 7 13
-67.3395 -45.8071 1 8 0
-67.3395 -45.1071 1 8 1
-67.3395 -44.4071 1 8 2
-67.3395 -43.7071 1 8 3
-67.3395 -43.0071 1 8 4
-67.3395 -42.3071 1 8 5
-67.3395 -41.6071 1 8 6
-67.3395 -40.9071 1 8 7
-67.3395 -40.2071 1 8 8
-67.3395 -39.5071 1 8 9
-67.3395 -38.8071 1 8 10
-67.3395 -38.1071 1 8 11
-67.3395 -37.4071 1 8 12
-67.3395 -36.7071 1 8 13
-68.0395 -45.8071 1 9 0
-68.0395 -45.1071 1 9 1
-68.0395 -44.4071 1 9 2
-68.0395 -43.7071 1 9 3
-68.0395 -43.0071 1 9 4
-68.0395 -42.3071 1 9 5
-68.0395 -41.6071 1 9 6
-68.0395 -40.9071 1 9 7
-68.0395 -40.2071 1 9 8
-68.0395 -39.5071 1 9 9
-68.0395 -38.8071 1 9 10
-68.0395 -38.1071 1 9 11
-68.0395 -37.4071 1 9 12
-68.0395 -36.7071 1 9 13
-68.7395 -45.8071 1 10 0
-68.7395 -45.1071 1 10 1
-68.7395 -44.4071 1 10 2
-68.7395 -43.7071 1 10 3
-68.7395 -43.0071 1 10 4
-68.7395 -42.3071 1 10 5
-68.7395 -41.6071 1 10 6
-68.7395 -40.9071 1 10 7
-68.7395 -40.2071 1 10 8
-68.7395 -39.5071 1 10 9
-68.7395 -38.8071 1 10 10
-68.7395 -38.1071 1 10 11
-68.7395 -37.4071 1 10 12
-68.7395 -36.7071 1 10 13
-69.4395 -45.8071 1 11 0
-69.4395 -45.1071 1 11 1
-69.4395 -44.4071 1 11 2
-69.4395 -43.7071 1 11 3
-69.4395 -43.0071 1 11 4
-69.4395 -42.3071 1 11 5
-69.4395 -41.6071 1 11 6
-69.4395 -40.9071 1 11 7
-69.4395 -40.2071 1 11 8
-69.4395 -39.5071 1 11 9
-69.4395 -38.8071 1 11 10
-69.4395 -38.1071 1 11 11
-69.4395 -37.4071 1 11 12
-69.4395 -36.7071 1 11 13
-70.1395 -45.8071 1 12 0
-70.1395 -45.1071 1 12 1
-70.1395 -44.4071 1 12 2
-70.1395 -43.7071 1 12 3
-70.1395 -43.0071 1 12 4
-70.1395 -42.3071 1 12 5
-70.1395 -41.6071 1 12 6
-70.1395 -40.9071 1 12 7
-70.1395 -40.2071 1 12 8
-70.1395 -39.5071 1 12 9
-70.1395 -38.8071 1 12 10
-70.1395 -38.1071 1 12 11
-70.1395 -37.4071 1 12 12
-70.1395 -36.7071 1 12 13
-70.8395 -45.8071 1 13 0
-70.8395 -45.1071 1 13 1
-70.8395 -44.4071 1 13 2
-70.8395 -43.7071 1 13 3
-70.8395 -43.0071 1 13 4
-70.8395 -42.3071 1 13 5
-70.8395 -41.6071 1 13 6
-70.8395 -40.9071 1 13 7
-70.8395 -40.2071 1 13 8
-70.8395 -39.5071 1 13 9
-70.8395 -38.8071 1 13 10
-70.8395 -38.1071 1 13 11
-70.8395 -37.4071 1 13 12
