8.92826 -17.3109 -1 0 0
8.92826 -16.6109 -1 0 1
8.92826 -15.9109 -1 0 2
8.92826 -15.2109 -1 0 3
8.92826 -14.5109 -1 0 4
8.92826 -13.8109 -1 0 5
8.92826 -13.1109 -1 0 6
8.92826 -12.4109 -1 0 7
8.92826 -11.7109 -1 0 8
8.92826 -11.0109 -1 0 9
8.92826 -10.3109 -1 0 10
8.92826 -9.61086 -1 0 11
8.92826 -8.91086 -1 0 12
8.92826 -8.21086 -1 0 13
8.92826 -7.51086 -1 0 14
8.92826 -6.81086 -1 0 15
8.92826 -6.11086 -1 0 16
8.92826 -5.41086 -1 0 17
8.92826 -4.71086 -1 0 18
8.92826 -4.01086 -1 0 19
8.92826 -3.31086 -1 0 20
8.92826 -2.61086 -1 0 21
8.92826 -1.91086 -1 0 22
8.92826 -1.21086 -1 0 23
8.92826 -0.510863 -1 0 24
8.92826 0.189137 -1 0 25
8.92826 0.889137 -1 0 26
8.92826 1.58914 -1 0 27
8.92826 2.28914 -1 0 28
8.92826 2.98914 -1 0 29
8.92826 3.68914 -1 0 30
8.92826 4.38914 -1 0 31
8.92826 5.08914 -1 0 32
8.92826 5.78914 -1 0 33
8.92826 6.48914 -1 0 34
8.92826 7.18914 -1 0 35
8.92826 7.88914 -1 0 36
8.92826 8.58914 -1 0 37
8.92826 9.28914 -1 0 38
8.92826 9.98914 -1 0 39
8.92826 10.6891 -1 0 40
8.92826 11.3891 -1 0 41
8.92826 12.0891 -1 0 42
8.92826 12.7891 -1 0 43
8.92826 13.4891 -1 0 44
8.92826 14.1891 -1 0 45
8.92826 14.8891 -1 0 46
8.92826 15.5891 -1 0 47
8.92826 16.2891 -1 0 48
8.92826 16.9891 -1 0 49
8.92826 17.6891 -1 0 50
8.92826 18.3891 -1 0 51
8.92826 19.0891 -1 0 52
8.92826 19.7891 -1 0 53
8.92826 20.4891 -1 0 54
8.92826 21.1891 -1 0 55
8.92826 21.8891 -1 0 56
8.92826 22.5891 -1 0 57
8.92826 23.2891 -1 0 58
8.92826 23.9891 -1 0 59
8.92826 24.6891 -1 0 60
8.22826 -17.3109 -1 1 0
8.22826 -16.6109 -1 1 1
8.22826 -15.9109 -1 1 2
8.22826 -15.2109 -1 1 3
8.22826 -14.5109 -1 1 4
8.22826 -13.8109 -1 1 5
8.22826 -13.1109 -1 1 6
8.22826 -12.4109 -1 1 7
8.22826 -11.7109 -1 1 8
8.22826 -11.0109 -1 1 9
8.22826 -10.3109 -1 1 10
8.22826 -9.61086 -1 1 11
8.22826 -8.91086 -1 1 12
8.22826 -8.21086 -1 1 13
8.22826 -7.51086 -1 1 14
8.22826 -6.81086 -1 1 15
8.22826 -6.11086 -1 1 16
8.22826 -5.41086 -1 1 17
8.22826 -4.71086 -1 1 18
8.22826 -4.01086 -1 1 19
8.22826 -3.31086 -1 1 20
8.22826 -2.61086 -1 1 21
8.22826 -1.91086 -1 1 22
8.22826 -1.21086 -1 1 23
8.22826 -0.510863 -1 1 24
8.22826 0.189137 -1 1 25
8.22826 0.889137 -1 1 26
8.22826 1.58914 -1 1 27
8.22826 2.28914 -1 1 28
8.22826 2.98914 -1 1 29
8.22826 3.68914 -1 1 30
8.22826 4.38914 -1 1 31
8.22826 5.08914 -1 1 32
8.22826 5.78914 -1 1 33
8.22826 6.48914 -1 1 34
8.22826 7.18914 -1 1 35
8.22826 7.88914 -1 1 36
8.22826 8.58914 -1 1 37
8.22826 9.28914 -1 1 38
8.22826 9.98914 -1 1 39
8.22826 10.6891 -1 1 40
8.22826 11.3891 -1 1 41
8.22826 12.0891 -1 1 42
8.22826 12.7891 -1 1 43
8.22826 13.4891 -1 1 44
8.22826 14.1891 -1 1 45
8.22826 14.8891 -1 1 46
8.22826 15.5891 -1 1 47
8.22826 16.2891 -1 1 48
8.22826 16.9891 -1 1 49
8.22826 17.6891 -1 1 50
8.22826 18.3891 -1 1 51
8.22826 19.0891 -1 1 52
8.22826 19.7891 -1 1 53
8.22826 20.4891 -1 1 54
8.22826 21.1891 -1 1 55
8.22826 21.8891 -1 1 56
8.22826 22.5891 -1 1 57
8.22826 23.2891 -1 1 58
8.22826 23.9891 -1 1 59
8.22826 24.6891 -1 1 60
7.52826 -17.3109 -1 2 0
7.52826 -16.6109 -1 2 1
7.52826 -15.9109 -1 2 2
7.52826 -15.2109 -1 2 3
7.52826 -14.5109 -1 2 4
7.52826 -13.8109 -1 2 5
7.52826 -13.1109 -1 2 6
7.52826 -12.4109 -1 2 7
7.52826 -11.7109 -1 2 8
7.52826 -11.0109 -1 2 9
7.52826 -10.3109 -1 2 10
7.52826 -9.61086 -1 2 11
7.52826 -8.91086 -1 2 12
7.52826 -8.21086 -1 2 13
7.52826 -7.51086 -1 2 14
7.52826 -6.81086 -1 2 15
7.52826 -6.11086 -1 2 16
7.52826 -5.41086 -1 2 17
7.52826 -4.71086 -1 2 18
7.52826 -4.01086 -1 2 19
7.52826 -3.31086 -1 2 20
7.52826 -2.61086 -1 2 21
7.52826 -1.91086 -1 2 22
7.52826 -1.21086 -1 2 23
7.52826 -0.510863 -1 2 24
7.52826 0.189137 -1 2 25
7.52826 0.889137 -1 2 26
7.52826 1.58914 -1 2 27
7.52826 2.28914 -1 2 28
7.52826 2.98914 -1 2 29
7.52826 3.68914 -1 2 30
7.52826 4.38914 -1 2 31
7.52826 5.08914 -1 2 32
7.52826 5.78914 -1 2 33
7.52826 6.48914 -1 2 34
7.52826 7.18914 -1 2 35
7.52826 7.88914 -1 2 36
7.52826 8.58914 -1 2 37
7.52826 9.28914 -1 2 38
7.52826 9.98914 -1 2 39
7.52826 10.6891 -1 2 40
7.52826 11.3891 -1 2 41
7.52826 12.0891 -1 2 42
7.52826 12.7891 -1 2 43
7.52826 13.4891 -1 2 44
7.52826 14.1891 -1 2 45
7.52826 14.8891 -1 2 46
7.52826 15.5891 -1 2 47
7.52826 16.2891 -1 2 48
7.52826 16.9891 -1 2 49
7.52826 17.6891 -1 2 50
7.52826 18.3891 -1 2 51
7.52826 19.0891 -1 2 52
7.52826 19.7891 -1 2 53
7.52826 20.4891 -1 2 54
7.52826 21.1891 -1 2 55
7.52826 21.8891 -1 2 56
7.52826 22.5891 -1 2 57
7.52826 23.2891 -1 2 58
7.52826 23.9891 -1 2 59
7.52826 24.6891 -1 2 60
6.82826 -17.3109 -1 3 0
6.82826 -16.6109 -1 3 1
6.82826 -15.9109 -1 3 2
6.82826 -15.2109 -1 3 3
6.82826 -14.5109 -1 3 4
6.82826 -13.8109 -1 3 5
6.82826 -13.1109 -1 3 6
6.82826 -12.4109 -1 3 7
6.82826 -11.7109 -1 3 8
6.82826 -11.0109 -1 3 9
6.82826 -10.3109 -1 3 10
6.82826 -9.61086 -1 3 11
6.82826 -8.91086 -1 3 12
6.82826 -8.21086 -1 3 13
6.82826 -7.51086 -1 3 14
6.82826 -6.81086 -1 3 15
6.82826 -6.11086 -1 3 16
6.82826 -5.41086 -1 3 17
6.82826 -4.71086 -1 3 18
6.82826 -4.01086 -1 3 19
6.82826 -3.31086 -1 3 20
6.82826 -2.61086 -1 3 21
6.82826 -1.91086 -1 3 22
6.82826 -1.21086 -1 3 23
6.82826 -0.510863 -1 3 24
6.82826 0.189137 1 3 25
6.82826 0.889137 -1 3 26
6.82826 1.58914 -1 3 27
6.82826 2.28914 -1 3 28
6.82826 2.98914 -1 3 29
6.82826 3.68914 -1 3 30
6.82826 4.38914 -1 3 31
6.82826 5.08914 -1 3 32
6.82826 5.78914 -1 3 33
6.82826 6.48914 -1 3 34
6.82826 7.18914 -1 3 35
6.82826 7.88914 -1 3 36
6.82826 8.58914 -1 3 37
6.82826 9.28914 -1 3 38
6.82826 9.98914 -1 3 39
6.82826 10.6891 -1 3 40
6.82826 11.3891 -1 3 41
6.82826 12.0891 -1 3 42
6.82826 12.7891 -1 3 43
6.82826 13.4891 -1 3 44
6.82826 14.1891 -1 3 45
6.82826 14.8891 -1 3 46
6.82826 15.5891 -1 3 47
6.82826 16.2891 -1 3 48
6.82826 16.9891 -1 3 49
6.82826 17.6891 -1 3 50
6.82826 18.3891 -1 3 51
6.82826 19.0891 -1 3 52
6.82826 19.7891 -1 3 53
6.82826 20.4891 -1 3 54
6.82826 21.1891 -1 3 55
6.82826 21.8891 -1 3 56
6.82826 22.5891 -1 3 57
6.82826 23.2891 -1 3 58
6.82826 23.9891 -1 3 59
6.82826 24.6891 -1 3 60
6.12825 -17.3109 -1 4 0
6.12825 -16.6109 -1 4 1
6.12825 -15.9109 -1 4 2
6.12825 -15.2109 -1 4 3
6.12825 -14.5109 -1 4 4
6.12825 -13.8109 -1 4 5
6.12825 -13.1109 -1 4 6
6.12825 -12.4109 -1 4 7
6.12825 -11.7109 -1 4 8
6.12825 -11.0109 1 4 9
6.12825 -10.3109 -1 4 10
6.12825 -9.61086 -1 4 11
6.12825 -8.91086 -1 4 12
6.12825 -8.21086 -1 4 13
6.12825 -7.51086 -1 4 14
6.12825 -6.81086 -1 4 15
6.12825 -6.11086 -1 4 16
6.12825 -5.41086 -1 4 17
6.12825 -4.71086 -1 4 18
6.12825 -4.01086 -1 4 19
6.12825 -3.31086 -1 4 20
6.12825 -2.61086 -1 4 21
6.12825 -1.91086 -1 4 22
6.12825 -1.21086 -1 4 23
6.12825 -0.510863 -1 4 24
6.12825 0.189137 -1 4 25
6.12825 0.889137 -1 4 26
6.12825 1.58914 -1 4 27
6.12825 2.28914 -1 4 28
6.12825 2.98914 -1 4 29
6.12825 3.68914 -1 4 30
6.12825 4.38914 -1 4 31
6.12825 5.08914 -1 4 32
6.12825 5.78914 -1 4 33
6.12825 6.48914 -1 4 34
6.12825 7.18914 -1 4 35
6.12825 7.88914 -1 4 36
6.12825 8.58914 -1 4 37
6.12825 9.28914 -1 4 38
6.12825 9.98914 -1 4 39
6.12825 10.6891 -1 4 40
6.12825 11.3891 -1 4 41
6.12825 12.0891 -1 4 42
6.12825 12.7891 -1 4 43
6.12825 13.4891 -1 4 44
6.12825 14.1891 -1 4 45
6.12825 14.8891 -1 4 46
6.12825 15.5891 -1 4 47
6.12825 16.2891 -1 4 48
6.12825 16.9891 -1 4 49
6.12825 17.6891 -1 4 50
6.12825 18.3891 -1 4 51
6.12825 19.0891 -1 4 52
6.12825 19.7891 -1 4 53
6.12825 20.4891 -1 4 54
6.12825 21.1891 -1 4 55
6.12825 21.8891 -1 4 56
6.12825 22.5891 -1 4 57
6.12825 23.2891 -1 4 58
6.12825 23.9891 -1 4 59
6.12825 24.6891 -1 4 60
5.42826 -17.3109 -1 5 0
5.42826 -16.6109 -1 5 1
5.42826 -15.9109 -1 5 2
5.42826 -15.2109 -1 5 3
5.42826 -14.5109 -1 5 4
5.42826 -13.8109 -1 5 5
5.42826 -13.1109 -1 5 6
5.42826 -12.4109 -1 5 7
5.42826 -11.7109 -1 5 8
5.42826 -11.0109 -1 5 9
5.42826 -10.3109 1 5 10
5.42826 -9.61086 1 5 11
5.42826 -8.91086 -1 5 12
5.42826 -8.21086 -1 5 13
5.42826 -7.51086 -1 5 14
5.42826 -6.81086 -1 5 15
5.42826 -6.11086 -1 5 16
5.42826 -5.41086 -1 5 17
5.42826 -4.71086 -1 5 18
5.42826 -4.01086 -1 5 19
5.42826 -3.31086 -1 5 20
5.42826 -2.61086 -1 5 21
5.42826 -1.91086 -1 5 22
5.42826 -1.21086 -1 5 23
5.42826 -0.510863 -1 5 24
5.42826 0.189137 -1 5 25
5.42826 0.889137 -1 5 26
5.42826 1.58914 -1 5 27
5.42826 2.28914 -1 5 28
5.42826 2.98914 -1 5 29
5.42826 3.68914 -1 5 30
5.42826 4.38914 -1 5 31
5.42826 5.08914 -1 5 32
5.42826 5.78914 -1 5 33
5.42826 6.48914 -1 5 34
5.42826 7.18914 -1 5 35
5.42826 7.88914 -1 5 36
5.42826 8.58914 -1 5 37
5.42826 9.28914 -1 5 38
5.42826 9.98914 -1 5 39
5.42826 10.6891 -1 5 40
5.42826 11.3891 -1 5 41
5.42826 12.0891 -1 5 42
5.42826 12.7891 -1 5 43
5.42826 13.4891 -1 5 44
5.42826 14.1891 -1 5 45
5.42826 14.8891 -1 5 46
5.42826 15.5891 -1 5 47
5.42826 16.2891 -1 5 48
5.42826 16.9891 -1 5 49
5.42826 17.6891 -1 5 50
5.42826 18.3891 -1 5 51
5.42826 19.0891 -1 5 52
5.42826 19.7891 -1 5 53
5.42826 20.4891 -1 5 54
5.42826 21.1891 -1 5 55
5.42826 21.8891 -1 5 56
5.42826 22.5891 -1 5 57
5.42826 23.2891 -1 5 58
5.42826 23.9891 -1 5 59
5.42826 24.6891 -1 5 60
4.72826 -17.3109 -1 6 0
4.72826 -16.6109 -1 6 1
4.72826 -15.9109 -1 6 2
4.72826 -15.2109 -1 6 3
4.72826 -14.5109 -1 6 4
4.72826 -13.8109 -1 6 5
4.72826 -13.1109 -1 6 6
4.72826 -12.4109 -1 6 7
4.72826 -11.7109 -1 6 8
4.72826 -11.0109 -1 6 9
4.72826 -10.3109 1 6 10
4.72826 -9.61086 1 6 11
4.72826 -8.91086 1 6 12
4.72826 -8.21086 -1 6 13
4.72826 -7.51086 -1 6 14
4.72826 -6.81086 -1 6 15
4.72826 -6.11086 -1 6 16
4.72826 -5.41086 -1 6 17
4.72826 -4.71086 -1 6 18
4.72826 -4.01086 -1 6 19
4.72826 -3.31086 -1 6 20
4.72826 -2.61086 -1 6 21
4.72826 -1.91086 -1 6 22
4.72826 -1.21086 -1 6 23
4.72826 -0.510863 -1 6 24
4.72826 0.189137 -1 6 25
4.72826 0.889137 -1 6 26
4.72826 1.58914 -1 6 27
4.72826 2.28914 -1 6 28
4.72826 2.98914 -1 6 29
4.72826 3.68914 -1 6 30
4.72826 4.38914 -1 6 31
4.72826 5.08914 -1 6 32
4.72826 5.78914 -1 6 33
4.72826 6.48914 -1 6 34
4.72826 7.18914 -1 6 35
4.72826 7.88914 -1 6 36
4.72826 8.58914 -1 6 37
4.72826 9.28914 -1 6 38
4.72826 9.98914 -1 6 39
4.72826 10.6891 -1 6 40
4.72826 11.3891 -1 6 41
4.72826 12.0891 -1 6 42
4.72826 12.7891 -1 6 43
4.72826 13.4891 -1 6 44
4.72826 14.1891 -1 6 45
4.72826 14.8891 -1 6 46
4.72826 15.5891 -1 6 47
4.72826 16.2891 -1 6 48
4.72826 16.9891 -1 6 49
4.72826 17.6891 -1 6 50
4.72826 18.3891 -1 6 51
4.72826 19.0891 -1 6 52
4.72826 19.7891 -1 6 53
4.72826 20.4891 -1 6 54
4.72826 21.1891 -1 6 55
4.72826 21.8891 -1 6 56
4.72826 22.5891 -1 6 57
4.72826 23.2891 -1 6 58
4.72826 23.9891 -1 6 59
4.72826 24.6891 -1 6 60
4.02825 -17.3109 -1 7 0
4.02825 -16.6109 -1 7 1
4.02825 -15.9109 -1 7 2
4.02825 -15.2109 -1 7 3
4.02825 -14.5109 -1 7 4
4.02825 -13.8109 -1 7 5
4.02825 -13.1109 -1 7 6
4.02825 -12.4109 -1 7 7
4.02825 -11.7109 -1 7 8
4.02825 -11.0109 -1 7 9
4.02825 -10.3109 -1 7 10
4.02825 -9.61086 -1 7 11
4.02825 -8.91086 -1 7 12
4.02825 -8.21086 1 7 13
4.02825 -7.51086 -1 7 14
4.02825 -6.81086 -1 7 15
4.02825 -6.11086 -1 7 16
4.02825 -5.41086 -1 7 17
4.02825 -4.71086 -1 7 18
4.02825 -4.01086 -1 7 19
4.02825 -3.31086 -1 7 20
4.02825 -2.61086 -1 7 21
4.02825 -1.91086 -1 7 22
4.02825 -1.21086 -1 7 23
4.02825 -0.510863 -1 7 24
4.02825 0.189137 -1 7 25
4.02825 0.889137 -1 7 26
4.02825 1.58914 -1 7 27
4.02825 2.28914 -1 7 28
4.02825 2.98914 -1 7 29
4.02825 3.68914 -1 7 30
4.02825 4.38914 -1 7 31
4.02825 5.08914 -1 7 32
4.02825 5.78914 -1 7 33
4.02825 6.48914 -1 7 34
4.02825 7.18914 -1 7 35
4.02825 7.88914 -1 7 36
4.02825 8.58914 -1 7 37
4.02825 9.28914 -1 7 38
4.02825 9.98914 -1 7 39
4.02825 10.6891 -1 7 40
4.02825 11.3891 -1 7 41
4.02825 12.0891 -1 7 42
4.02825 12.7891 -1 7 43
4.02825 13.4891 -1 7 44
4.02825 14.1891 -1 7 45
4.02825 14.8891 -1 7 46
4.02825 15.5891 -1 7 47
4.02825 16.2891 -1 7 48
4.02825 16.9891 -1 7 49
4.02825 17.6891 -1 7 50
4.02825 18.3891 -1 7 51
4.02825 19.0891 -1 7 52
4.02825 19.7891 -1 7 53
4.02825 20.4891 -1 7 54
4.02825 21.1891 -1 7 55
4.02825 21.8891 -1 7 56
4.02825 22.5891 -1 7 57
4.02825 23.2891 -1 7 58
4.02825 23.9891 -1 7 59
4.02825 24.6891 -1 7 60
3.32825 -17.3109 -1 8 0
3.32825 -16.6109 -1 8 1
3.32825 -15.9109 -1 8 2
3.32825 -15.2109 -1 8 3
3.32825 -14.5109 -1 8 4
3.32825 -13.8109 -1 8 5
3.32825 -13.1109 -1 8 6
3.32825 -12.4109 -1 8 7
3.32825 -11.7109 -1 8 8
3.32825 -11.0109 -1 8 9
3.32825 -10.3109 -1 8 10
3.32825 -9.61086 -1 8 11
3.32825 -8.91086 -1 8 12
3.32825 -8.21086 1 8 13
3.32825 -7.51086 1 8 14
3.32825 -6.81086 1 8 15
3.32825 -6.11086 -1 8 16
3.32825 -5.41086 -1 8 17
3.32825 -4.71086 -1 8 18
3.32825 -4.01086 -1 8 19
3.32825 -3.31086 -1 8 20
3.32825 -2.61086 -1 8 21
3.32825 -1.91086 -1 8 22
3.32825 -1.21086 -1 8 23
3.32825 -0.510863 -1 8 24
3.32825 0.189137 -1 8 25
3.32825 0.889137 -1 8 26
3.32825 1.58914 -1 8 27
3.32825 2.28914 -1 8 28
3.32825 2.98914 -1 8 29
3.32825 3.68914 -1 8 30
3.32825 4.38914 -1 8 31
3.32825 5.08914 -1 8 32
3.32825 5.78914 -1 8 33
3.32825 6.48914 -1 8 34
3.32825 7.18914 -1 8 35
3.32825 7.88914 -1 8 36
3.32825 8.58914 -1 8 37
3.32825 9.28914 -1 8 38
3.32825 9.98914 -1 8 39
3.32825 10.6891 -1 8 40
3.32825 11.3891 -1 8 41
3.32825 12.0891 -1 8 42
3.32825 12.7891 -1 8 43
3.32825 13.4891 -1 8 44
3.32825 14.1891 -1 8 45
3.32825 14.8891 -1 8 46
3.32825 15.5891 -1 8 47
3.32825 16.2891 -1 8 48
3.32825 16.9891 -1 8 49
3.32825 17.6891 -1 8 50
3.32825 18.3891 -1 8 51
3.32825 19.0891 1 8 52
3.32825 19.7891 -1 8 53
3.32825 20.4891 -1 8 54
3.32825 21.1891 -1 8 55
3.32825 21.8891 -1 8 56
3.32825 22.5891 -1 8 57
3.32825 23.2891 -1 8 58
3.32825 23.9891 -1 8 59
3.32825 24.6891 -1 8 60
2.62825 -17.3109 -1 9 0
2.62825 -16.6109 -1 9 1
2.62825 -15.9109 -1 9 2
2.62825 -15.2109 -1 9 3
2.62825 -14.5109 -1 9 4
2.62825 -13.8109 -1 9 5
2.62825 -13.1109 -1 9 6
2.62825 -12.4109 -1 9 7
2.62825 -11.7109 -1 9 8
2.62825 -11.0109 -1 9 9
2.62825 -10.3109 -1 9 10
2.62825 -9.61086 -1 9 11
2.62825 -8.91086 -1 9 12
2.62825 -8.21086 1 9 13
2.62825 -7.51086 1 9 14
2.62825 -6.81086 1 9 15
2.62825 -6.11086 1 9 16
2.62825 -5.41086 -1 9 17
2.62825 -4.71086 -1 9 18
2.62825 -4.01086 -1 9 19
2.62825 -3.31086 -1 9 20
2.62825 -2.61086 1 9 21
2.62825 -1.91086 -1 9 22
2.62825 -1.21086 -1 9 23
2.62825 -0.510863 -1 9 24
2.62825 0.189137 -1 9 25
2.62825 0.889137 -1 9 26
2.62825 1.58914 -1 9 27
2.62825 2.28914 -1 9 28
2.62825 2.98914 -1 9 29
2.62825 3.68914 -1 9 30
2.62825 4.38914 -1 9 31
2.62825 5.08914 -1 9 32
2.62825 5.78914 -1 9 33
2.62825 6.48914 -1 9 34
2.62825 7.18914 -1 9 35
2.62825 7.88914 -1 9 36
2.62825 8.58914 -1 9 37
2.62825 9.28914 -1 9 38
2.62825 9.98914 -1 9 39
2.62825 10.6891 -1 9 40
2.62825 11.3891 -1 9 41
2.62825 12.0891 -1 9 42
2.62825 12.7891 -1 9 43
2.62825 13.4891 -1 9 44
2.62825 14.1891 -1 9 45
2.62825 14.8891 -1 9 46
2.62825 15.5891 -1 9 47
2.62825 16.2891 -1 9 48
2.62825 16.9891 -1 9 49
2.62825 17.6891 1 9 50
2.62825 18.3891 1 9 51
2.62825 19.0891 1 9 52
2.62825 19.7891 -1 9 53
2.62825 20.4891 -1 9 54
2.62825 21.1891 -1 9 55
2.62825 21.8891 -1 9 56
2.62825 22.5891 -1 9 57
2.62825 23.2891 -1 9 58
2.62825 23.9891 -1 9 59
2.62825 24.6891 -1 9 60
1.92826 -17.3109 -1 10 0
1.92826 -16.6109 -1 10 1
1.92826 -15.9109 -1 10 2
1.92826 -15.2109 -1 10 3
1.92826 -14.5109 -1 10 4
1.92826 -13.8109 -1 10 5
1.92826 -13.1109 -1 10 6
1.92826 -12.4109 -1 10 7
1.92826 -11.7109 -1 10 8
1.92826 -11.0109 -1 10 9
1.92826 -10.3109 -1 10 10
1.92826 -9.61086 1 10 11
1.92826 -8.91086 1 10 12
1.92826 -8.21086 1 10 13
1.92826 -7.51086 1 10 14
1.92826 -6.81086 1 10 15
1.92826 -6.11086 1 10 16
1.92826 -5.41086 1 10 17
1.92826 -4.71086 1 10 18
1.92826 -4.01086 1 10 19
1.92826 -3.31086 1 10 20
1.92826 -2.61086 1 10 21
1.92826 -1.91086 -1 10 22
1.92826 -1.21086 -1 10 23
1.92826 -0.510863 -1 10 24
1.92826 0.189137 1 10 25
1.92826 0.889137 1 10 26
1.92826 1.58914 1 10 27
1.92826 2.28914 1 10 28
1.92826 2.98914 1 10 29
1.92826 3.68914 1 10 30
1.92826 4.38914 1 10 31
1.92826 5.08914 1 10 32
1.92826 5.78914 1 10 33
1.92826 6.48914 1 10 34
1.92826 7.18914 1 10 35
1.92826 7.88914 1 10 36
1.92826 8.58914 1 10 37
1.92826 9.28914 1 10 38
1.92826 9.98914 1 10 39
1.92826 10.6891 1 10 40
1.92826 11.3891 -1 10 41
1.92826 12.0891 -1 10 42
1.92826 12.7891 -1 10 43
1.92826 13.4891 -1 10 44
1.92826 14.1891 -1 10 45
1.92826 14.8891 -1 10 46
1.92826 15.5891 -1 10 47
1.92826 16.2891 -1 10 48
1.92826 16.9891 -1 10 49
1.92826 17.6891 -1 10 50
1.92826 18.3891 -1 10 51
1.92826 19.0891 -1 10 52
1.92826 19.7891 -1 10 53
1.92826 20.4891 -1 10 54
1.92826 21.1891 -1 10 55
1.92826 21.8891 -1 10 56
1.92826 22.5891 -1 10 57
1.92826 23.2891 -1 10 58
1.92826 23.9891 -1 10 59
1.92826 24.6891 -1 10 60
1.22825 -17.3109 -1 11 0
1.22825 -16.6109 -1 11 1
1.22825 -15.9109 -1 11 2
1.22825 -15.2109 -1 11 3
1.22825 -14.5109 -1 11 4
1.22825 -13.8109 -1 11 5
1.22825 -13.1109 -1 11 6
1.22825 -12.4109 -1 11 7
1.22825 -11.7109 -1 11 8
1.22825 -11.0109 -1 11 9
1.22825 -10.3109 -1 11 10
1.22825 -9.61086 -1 11 11
1.22825 -8.91086 -1 11 12
1.22825 -8.21086 -1 11 13
1.22825 -7.51086 -1 11 14
1.22825 -6.81086 -1 11 15
1.22825 -6.11086 1 11 16
1.22825 -5.41086 1 11 17
1.22825 -4.71086 1 11 18
1.22825 -4.01086 1 11 19
1.22825 -3.31086 1 11 20
1.22825 -2.61086 1 11 21
1.22825 -1.91086 1 11 22
1.22825 -1.21086 1 11 23
1.22825 -0.510863 1 11 24
1.22825 0.189137 1 11 25
1.22825 0.889137 1 11 26
1.22825 1.58914 1 11 27
1.22825 2.28914 1 11 28
1.22825 2.98914 1 11 29
1.22825 3.68914 1 11 30
1.22825 4.38914 1 11 31
1.22825 5.08914 1 11 32
1.22825 5.78914 1 11 33
1.22825 6.48914 1 11 34
1.22825 7.18914 1 11 35
1.22825 7.88914 1 11 36
1.22825 8.58914 1 11 37
1.22825 9.28914 1 11 38
1.22825 9.98914 1 11 39
1.22825 10.6891 1 11 40
1.22825 11.3891 1 11 41
1.22825 12.0891 1 11 42
1.22825 12.7891 1 11 43
1.22825 13.4891 1 11 44
1.22825 14.1891 1 11 45
1.22825 14.8891 1 11 46
1.22825 15.5891 1 11 47
1.22825 16.2891 1 11 48
1.22825 16.9891 1 11 49
1.22825 17.6891 -1 11 50
1.22825 18.3891 -1 11 51
1.22825 19.0891 -1 11 52
1.22825 19.7891 -1 11 53
1.22825 20.4891 -1 11 54
1.22825 21.1891 -1 11 55
1.22825 21.8891 -1 11 56
1.22825 22.5891 -1 11 57
1.22825 23.2891 -1 11 58
1.22825 23.9891 -1 11 59
1.22825 24.6891 -1 11 60
0.528255 -17.3109 -1 12 0
0.528255 -16.6109 -1 12 1
0.528255 -15.9109 -1 12 2
0.528255 -15.2109 -1 12 3
0.528255 -14.5109 -1 12 4
0.528255 -13.8109 -1 12 5
0.528255 -13.1109 -1 12 6
0.528255 -12.4109 -1 12 7
0.528255 -11.7109 -1 12 8
0.528255 -11.0109 -1 12 9
0.528255 -10.3109 -1 12 10
0.528255 -9.61086 -1 12 11
0.528255 -8.91086 -1 12 12
0.528255 -8.21086 -1 12 13
0.528255 -7.51086 -1 12 14
0.528255 -6.81086 1 12 15
0.528255 -6.11086 1 12 16
0.528255 -5.41086 1 12 17
0.528255 -4.71086 1 12 18
0.528255 -4.01086 1 12 19
0.528255 -3.31086 1 12 20
0.528255 -2.61086 1 12 21
0.528255 -1.91086 1 12 22
0.528255 -1.21086 1 12 23
0.528255 -0.510863 1 12 24
0.528255 0.189137 1 12 25
0.528255 0.889137 1 12 26
0.528255 1.58914 1 12 27
0.528255 2.28914 1 12 28
0.528255 2.98914 1 12 29
0.528255 3.68914 1 12 30
0.528255 4.38914 1 12 31
0.528255 5.08914 1 12 32
0.528255 5.78914 1 12 33
0.528255 6.48914 1 12 34
0.528255 7.18914 1 12 35
0.528255 7.88914 1 12 36
0.528255 8.58914 1 12 37
0.528255 9.28914 1 12 38
0.528255 9.98914 1 12 39
0.528255 10.6891 1 12 40
0.528255 11.3891 1 12 41
0.528255 12.0891 1 12 42
0.528255 12.7891 1 12 43
0.528255 13.4891 -1 12 44
0.528255 14.1891 -1 12 45
0.528255 14.8891 -1 12 46
0.528255 15.5891 -1 12 47
0.528255 16.2891 -1 12 48
0.528255 16.9891 -1 12 49
0.528255 17.6891 -1 12 50
0.528255 18.3891 -1 12 51
0.528255 19.0891 -1 12 52
0.528255 19.7891 -1 12 53
0.528255 20.4891 -1 12 54
0.528255 21.1891 -1 12 55
0.528255 21.8891 -1 12 56
0.528255 22.5891 -1 12 57
0.528255 23.2891 -1 12 58
0.528255 23.9891 -1 12 59
0.528255 24.6891 -1 12 60
-0.171745 -17.3109 -1 13 0
-0.171745 -16.6109 -1 13 1
-0.171745 -15.9109 -1 13 2
-0.171745 -15.2109 -1 13 3
-0.171745 -14.5109 -1 13 4
-0.171745 -13.8109 -1 13 5
-0.171745 -13.1109 -1 13 6
-0.171745 -12.4109 -1 13 7
-0.171745 -11.7109 -1 13 8
-0.171745 -11.0109 -1 13 9
-0.171745 -10.3109 -1 13 10
-0.171745 -9.61086 -1 13 11
-0.171745 -8.91086 -1 13 12
-0.171745 -8.21086 -1 13 13
-0.171745 -7.51086 -1 13 14
-0.171745 -6.81086 -1 13 15
-0.171745 -6.11086 -1 13 16
-0.171745 -5.41086 -1 13 17
-0.171745 -4.71086 -1 13 18
-0.171745 -4.01086 -1 13 19
-0.171745 -3.31086 -1 13 20
-0.171745 -2.61086 -1 13 21
-0.171745 -1.91086 -1 13 22
-0.171745 -1.21086 -1 13 23
-0.171745 -0.510863 1 13 24
-0.171745 0.189137 1 13 25
-0.171745 0.889137 1 13 26
-0.171745 1.58914 1 13 27
-0.171745 2.28914 1 13 28
-0.171745 2.98914 6 13 29
-0.171745 3.68914 1 13 30
-0.171745 4.38914 -1 13 31
-0.171745 5.08914 -1 13 32
-0.171745 5.78914 1 13 33
-0.171745 6.48914 1 13 34
-0.171745 7.18914 1 13 35
-0.171745 7.88914 1 13 36
-0.171745 8.58914 1 13 37
-0.171745 9.28914 1 13 38
-0.171745 9.98914 1 13 39
-0.171745 10.6891 1 13 40
-0.171745 11.3891 1 13 41
-0.171745 12.0891 1 13 42
-0.171745 12.7891 1 13 43
-0.171745 13.4891 1 13 44
-0.171745 14.1891 -1 13 45
-0.171745 14.8891 -1 13 46
-0.171745 15.5891 -1 13 47
-0.171745 16.2891 -1 13 48
-0.171745 16.9891 -1 13 49
-0.171745 17.6891 -1 13 50
-0.171745 18.3891 -1 13 51
-0.171745 19.0891 -1 13 52
-0.171745 19.7891 -1 13 53
-0.171745 20.4891 -1 13 54
-0.171745 21.1891 -1 13 55
-0.171745 21.8891 -1 13 56
-0.171745 22.5891 -1 13 57
-0.171745 23.2891 -1 13 58
-0.171745 23.9891 -1 13 59
-0.171745 24.6891 -1 13 60
-0.871745 -17.3109 -1 14 0
-0.871745 -16.6109 -1 14 1
-0.871745 -15.9109 -1 14 2
-0.871745 -15.2109 -1 14 3
-0.871745 -14.5109 -1 14 4
-0.871745 -13.8109 -1 14 5
-0.871745 -13.1109 -1 14 6
-0.871745 -12.4109 -1 14 7
-0.871745 -11.7109 -1 14 8
-0.871745 -11.0109 -1 14 9
-0.871745 -10.3109 -1 14 10
-0.871745 -9.61086 -1 14 11
-0.871745 -8.91086 -1 14 12
-0.871745 -8.21086 -1 14 13
-0.871745 -7.51086 -1 14 14
-0.871745 -6.81086 -1 14 15
-0.871745 -6.11086 -1 14 16
-0.871745 -5.41086 -1 14 17
-0.871745 -4.71086 -1 14 18
-0.871745 -4.01086 -1 14 19
-0.871745 -3.31086 -1 14 20
-0.871745 -2.61086 -1 14 21
-0.871745 -1.91086 -1 14 22
-0.871745 -1.21086 1 14 23
-0.871745 -0.510863 1 14 24
-0.871745 0.189137 1 14 25
-0.871745 0.889137 1 14 26
-0.871745 1.58914 1 14 27
-0.871745 2.28914 -1 14 28
-0.871745 2.98914 1 14 29
-0.871745 3.68914 1 14 30
-0.871745 4.38914 1 14 31
-0.871745 5.08914 1 14 32
-0.871745 5.78914 1 14 33
-0.871745 6.48914 1 14 34
-0.871745 7.18914 1 14 35
-0.871745 7.88914 1 14 36
-0.871745 8.58914 1 14 37
-0.871745 9.28914 1 14 38
-0.871745 9.98914 1 14 39
-0.871745 10.6891 1 14 40
-0.871745 11.3891 1 14 41
-0.871745 12.0891 1 14 42
-0.871745 12.7891 1 14 43
-0.871745 13.4891 -1 14 44
-0.871745 14.1891 -1 14 45
-0.871745 14.8891 -1 14 46
-0.871745 15.5891 -1 14 47
-0.871745 16.2891 -1 14 48
-0.871745 16.9891 -1 14 49
-0.871745 17.6891 -1 14 50
-0.871745 18.3891 -1 14 51
-0.871745 19.0891 -1 14 52
-0.871745 19.7891 -1 14 53
-0.871745 20.4891 -1 14 54
-0.871745 21.1891 -1 14 55
-0.871745 21.8891 -1 14 56
-0.871745 22.5891 -1 14 57
-0.871745 23.2891 -1 14 58
-0.871745 23.9891 -1 14 59
-0.871745 24.6891 -1 14 60
-1.57175 -17.3109 -1 15 0
-1.57175 -16.6109 -1 15 1
-1.57175 -15.9109 -1 15 2
-1.57175 -15.2109 -1 15 3
-1.57175 -14.5109 -1 15 4
-1.57175 -13.8109 -1 15 5
-1.57175 -13.1109 -1 15 6
-1.57175 -12.4109 -1 15 7
-1.57175 -11.7109 -1 15 8
-1.57175 -11.0109 -1 15 9
-1.57175 -10.3109 -1 15 10
-1.57175 -9.61086 -1 15 11
-1.57175 -8.91086 -1 15 12
-1.57175 -8.21086 -1 15 13
-1.57175 -7.51086 -1 15 14
-1.57175 -6.81086 -1 15 15
-1.57175 -6.11086 -1 15 16
-1.57175 -5.41086 -1 15 17
-1.57175 -4.71086 -1 15 18
-1.57175 -4.01086 -1 15 19
-1.57175 -3.31086 1 15 20
-1.57175 -2.61086 1 15 21
-1.57175 -1.91086 1 15 22
-1.57175 -1.21086 1 15 23
-1.57175 -0.510863 1 15 24
-1.57175 0.189137 1 15 25
-1.57175 0.889137 1 15 26
-1.57175 1.58914 1 15 27
-1.57175 2.28914 -1 15 28
-1.57175 2.98914 1 15 29
-1.57175 3.68914 1 15 30
-1.57175 4.38914 1 15 31
-1.57175 5.08914 1 15 32
-1.57175 5.78914 1 15 33
-1.57175 6.48914 1 15 34
-1.57175 7.18914 1 15 35
-1.57175 7.88914 1 15 36
-1.57175 8.58914 1 15 37
-1.57175 9.28914 1 15 38
-1.57175 9.98914 1 15 39
-1.57175 10.6891 1 15 40
-1.57175 11.3891 1 15 41
-1.57175 12.0891 1 15 42
-1.57175 12.7891 1 15 43
-1.57175 13.4891 1 15 44
-1.57175 14.1891 1 15 45
-1.57175 14.8891 -1 15 46
-1.57175 15.5891 -1 15 47
-1.57175 16.2891 -1 15 48
-1.57175 16.9891 -1 15 49
-1.57175 17.6891 -1 15 50
-1.57175 18.3891 -1 15 51
-1.57175 19.0891 -1 15 52
-1.57175 19.7891 -1 15 53
-1.57175 20.4891 -1 15 54
-1.57175 21.1891 -1 15 55
-1.57175 21.8891 -1 15 56
-1.57175 22.5891 -1 15 57
-1.57175 23.2891 -1 15 58
-1.57175 23.9891 -1 15 59
-1.57175 24.6891 -1 15 60
-2.27175 -17.3109 -1 16 0
-2.27175 -16.6109 -1 16 1
-2.27175 -15.9109 -1 16 2
-2.27175 -15.2109 -1 16 3
-2.27175 -14.5109 -1 16 4
-2.27175 -13.8109 -1 16 5
-2.27175 -13.1109 -1 16 6
-2.27175 -12.4109 -1 16 7
-2.27175 -11.7109 -1 16 8
-2.27175 -11.0109 -1 16 9
-2.27175 -10.3109 -1 16 10
-2.27175 -9.61086 -1 16 11
-2.27175 -8.91086 -1 16 12
-2.27175 -8.21086 -1 16 13
-2.27175 -7.51086 -1 16 14
-2.27175 -6.81086 -1 16 15
-2.27175 -6.11086 1 16 16
-2.27175 -5.41086 1 16 17
-2.27175 -4.71086 1 16 18
-2.27175 -4.01086 1 16 19
-2.27175 -3.31086 1 16 20
-2.27175 -2.61086 1 16 21
-2.27175 -1.91086 1 16 22
-2.27175 -1.21086 1 16 23
-2.27175 -0.510863 1 16 24
-2.27175 0.189137 1 16 25
-2.27175 0.889137 1 16 26
-2.27175 1.58914 1 16 27
-2.27175 2.28914 1 16 28
-2.27175 2.98914 1 16 29
-2.27175 3.68914 1 16 30
-2.27175 4.38914 1 16 31
-2.27175 5.08914 1 16 32
-2.27175 5.78914 1 16 33
-2.27175 6.48914 1 16 34
-2.27175 7.18914 1 16 35
-2.27175 7.88914 1 16 36
-2.27175 8.58914 1 16 37
-2.27175 9.28914 1 16 38
-2.27175 9.98914 1 16 39
-2.27175 10.6891 1 16 40
-2.27175 11.3891 1 16 41
-2.27175 12.0891 1 16 42
-2.27175 12.7891 1 16 43
-2.27175 13.4891 1 16 44
-2.27175 14.1891 1 16 45
-2.27175 14.8891 1 16 46
-2.27175 15.5891 1 16 47
-2.27175 16.2891 1 16 48
-2.27175 16.9891 -1 16 49
-2.27175 17.6891 -1 16 50
-2.27175 18.3891 -1 16 51
-2.27175 19.0891 -1 16 52
-2.27175 19.7891 -1 16 53
-2.27175 20.4891 -1 16 54
-2.27175 21.1891 -1 16 55
-2.27175 21.8891 -1 16 56
-2.27175 22.5891 -1 16 57
-2.27175 23.2891 -1 16 58
-2.27175 23.9891 -1 16 59
-2.27175 24.6891 -1 16 60
-2.97175 -17.3109 -1 17 0
-2.97175 -16.6109 -1 17 1
-2.97175 -15.9109 -1 17 2
-2.97175 -15.2109 -1 17 3
-2.97175 -14.5109 -1 17 4
-2.97175 -13.8109 -1 17 5
-2.97175 -13.1109 -1 17 6
-2.97175 -12.4109 -1 17 7
-2.97175 -11.7109 -1 17 8
-2.97175 -11.0109 -1 17 9
-2.97175 -10.3109 -1 17 10
-2.97175 -9.61086 -1 17 11
-2.97175 -8.91086 -1 17 12
-2.97175 -8.21086 1 17 13
-2.97175 -7.51086 1 17 14
-2.97175 -6.81086 1 17 15
-2.97175 -6.11086 1 17 16
-2.97175 -5.41086 1 17 17
-2.97175 -4.71086 1 17 18
-2.97175 -4.01086 1 17 19
-2.97175 -3.31086 1 17 20
-2.97175 -2.61086 1 17 21
-2.97175 -1.91086 1 17 22
-2.97175 -1.21086 1 17 23
-2.97175 -0.510863 1 17 24
-2.97175 0.189137 1 17 25
-2.97175 0.889137 1 17 26
-2.97175 1.58914 1 17 27
-2.97175 2.28914 1 17 28
-2.97175 2.98914 1 17 29
-2.97175 3.68914 1 17 30
-2.97175 4.38914 1 17 31
-2.97175 5.08914 1 17 32
-2.97175 5.78914 1 17 33
-2.97175 6.48914 1 17 34
-2.97175 7.18914 1 17 35
-2.97175 7.88914 1 17 36
-2.97175 8.58914 1 17 37
-2.97175 9.28914 1 17 38
-2.97175 9.98914 1 17 39
-2.97175 10.6891 1 17 40
-2.97175 11.3891 1 17 41
-2.97175 12.0891 1 17 42
-2.97175 12.7891 1 17 43
-2.97175 13.4891 1 17 44
-2.97175 14.1891 1 17 45
-2.97175 14.8891 1 17 46
-2.97175 15.5891 1 17 47
-2.97175 16.2891 1 17 48
-2.97175 16.9891 1 17 49
-2.97175 17.6891 1 17 50
-2.97175 18.3891 1 17 51
-2.97175 19.0891 -1 17 52
-2.97175 19.7891 -1 17 53
-2.97175 20.4891 -1 17 54
-2.97175 21.1891 -1 17 55
-2.97175 21.8891 -1 17 56
-2.97175 22.5891 -1 17 57
-2.97175 23.2891 -1 17 58
-2.97175 23.9891 -1 17 59
-2.97175 24.6891 -1 17 60
-3.67175 -17.3109 -1 18 0
-3.67175 -16.6109 -1 18 1
-3.67175 -15.9109 -1 18 2
-3.67175 -15.2109 -1 18 3
-3.67175 -14.5109 -1 18 4
-3.67175 -13.8109 -1 18 5
-3.67175 -13.1109 -1 18 6
-3.67175 -12.4109 -1 18 7
-3.67175 -11.7109 -1 18 8
-3.67175 -11.0109 1 18 9
-3.67175 -10.3109 1 18 10
-3.67175 -9.61086 1 18 11
-3.67175 -8.91086 1 18 12
-3.67175 -8.21086 -1 18 13
-3.67175 -7.51086 -1 18 14
-3.67175 -6.81086 -1 18 15
-3.67175 -6.11086 -1 18 16
-3.67175 -5.41086 -1 18 17
-3.67175 -4.71086 -1 18 18
-3.67175 -4.01086 1 18 19
-3.67175 -3.31086 1 18 20
-3.67175 -2.61086 1 18 21
-3.67175 -1.91086 1 18 22
-3.67175 -1.21086 1 18 23
-3.67175 -0.510863 -1 18 24
-3.67175 0.189137 -1 18 25
-3.67175 0.889137 -1 18 26
-3.67175 1.58914 1 18 27
-3.67175 2.28914 -1 18 28
-3.67175 2.98914 1 18 29
-3.67175 3.68914 1 18 30
-3.67175 4.38914 1 18 31
-3.67175 5.08914 1 18 32
-3.67175 5.78914 1 18 33
-3.67175 6.48914 1 18 34
-3.67175 7.18914 1 18 35
-3.67175 7.88914 1 18 36
-3.67175 8.58914 1 18 37
-3.67175 9.28914 1 18 38
-3.67175 9.98914 1 18 39
-3.67175 10.6891 1 18 40
-3.67175 11.3891 1 18 41
-3.67175 12.0891 1 18 42
-3.67175 12.7891 1 18 43
-3.67175 13.4891 1 18 44
-3.67175 14.1891 1 18 45
-3.67175 14.8891 1 18 46
-3.67175 15.5891 1 18 47
-3.67175 16.2891 1 18 48
-3.67175 16.9891 1 18 49
-3.67175 17.6891 1 18 50
-3.67175 18.3891 1 18 51
-3.67175 19.0891 1 18 52
-3.67175 19.7891 1 18 53
-3.67175 20.4891 1 18 54
-3.67175 21.1891 -1 18 55
-3.67175 21.8891 -1 18 56
-3.67175 22.5891 -1 18 57
-3.67175 23.2891 -1 18 58
-3.67175 23.9891 -1 18 59
-3.67175 24.6891 -1 18 60
-4.37175 -17.3109 -1 19 0
-4.37175 -16.6109 -1 19 1
-4.37175 -15.9109 -1 19 2
-4.37175 -15.2109 -1 19 3
-4.37175 -14.5109 -1 19 4
-4.37175 -13.8109 1 19 5
-4.37175 -13.1109 -1 19 6
-4.37175 -12.4109 -1 19 7
-4.37175 -11.7109 -1 19 8
-4.37175 -11.0109 1 19 9
-4.37175 -10.3109 1 19 10
-4.37175 -9.61086 -1 19 11
-4.37175 -8.91086 -1 19 12
-4.37175 -8.21086 -1 19 13
-4.37175 -7.51086 -1 19 14
-4.37175 -6.81086 -1 19 15
-4.37175 -6.11086 -1 19 16
-4.37175 -5.41086 -1 19 17
-4.37175 -4.71086 -1 19 18
-4.37175 -4.01086 -1 19 19
-4.37175 -3.31086 1 19 20
-4.37175 -2.61086 1 19 21
-4.37175 -1.91086 1 19 22
-4.37175 -1.21086 1 19 23
-4.37175 -0.510863 1 19 24
-4.37175 0.189137 -1 19 25
-4.37175 0.889137 -1 19 26
-4.37175 1.58914 -1 19 27
-4.37175 2.28914 -1 19 28
-4.37175 2.98914 -1 19 29
-4.37175 3.68914 1 19 30
-4.37175 4.38914 1 19 31
-4.37175 5.08914 1 19 32
-4.37175 5.78914 1 19 33
-4.37175 6.48914 1 19 34
-4.37175 7.18914 1 19 35
-4.37175 7.88914 1 19 36
-4.37175 8.58914 1 19 37
-4.37175 9.28914 1 19 38
-4.37175 9.98914 1 19 39
-4.37175 10.6891 1 19 40
-4.37175 11.3891 -1 19 41
-4.37175 12.0891 -1 19 42
-4.37175 12.7891 -1 19 43
-4.37175 13.4891 -1 19 44
-4.37175 14.1891 -1 19 45
-4.37175 14.8891 -1 19 46
-4.37175 15.5891 1 19 47
-4.37175 16.2891 1 19 48
-4.37175 16.9891 1 19 49
-4.37175 17.6891 1 19 50
-4.37175 18.3891 1 19 51
-4.37175 19.0891 1 19 52
-4.37175 19.7891 1 19 53
-4.37175 20.4891 1 19 54
-4.37175 21.1891 1 19 55
-4.37175 21.8891 1 19 56
-4.37175 22.5891 -1 19 57
-4.37175 23.2891 -1 19 58
-4.37175 23.9891 -1 19 59
-4.37175 24.6891 -1 19 60
-5.07175 -17.3109 -1 20 0
-5.07175 -16.6109 -1 20 1
-5.07175 -15.9109 -1 20 2
-5.07175 -15.2109 -1 20 3
-5.07175 -14.5109 -1 20 4
-5.07175 -13.8109 -1 20 5
-5.07175 -13.1109 -1 20 6
-5.07175 -12.4109 -1 20 7
-5.07175 -11.7109 -1 20 8
-5.07175 -11.0109 -1 20 9
-5.07175 -10.3109 -1 20 10
-5.07175 -9.61086 -1 20 11
-5.07175 -8.91086 -1 20 12
-5.07175 -8.21086 -1 20 13
-5.07175 -7.51086 -1 20 14
-5.07175 -6.81086 -1 20 15
-5.07175 -6.11086 -1 20 16
-5.07175 -5.41086 -1 20 17
-5.07175 -4.71086 -1 20 18
-5.07175 -4.01086 -1 20 19
-5.07175 -3.31086 -1 20 20
-5.07175 -2.61086 -1 20 21
-5.07175 -1.91086 1 20 22
-5.07175 -1.21086 1 20 23
-5.07175 -0.510863 1 20 24
-5.07175 0.189137 -1 20 25
-5.07175 0.889137 -1 20 26
-5.07175 1.58914 -1 20 27
-5.07175 2.28914 -1 20 28
-5.07175 2.98914 -1 20 29
-5.07175 3.68914 -1 20 30
-5.07175 4.38914 1 20 31
-5.07175 5.08914 1 20 32
-5.07175 5.78914 1 20 33
-5.07175 6.48914 1 20 34
-5.07175 7.18914 1 20 35
-5.07175 7.88914 1 20 36
-5.07175 8.58914 1 20 37
-5.07175 9.28914 1 20 38
-5.07175 9.98914 1 20 39
-5.07175 10.6891 1 20 40
-5.07175 11.3891 -1 20 41
-5.07175 12.0891 -1 20 42
-5.07175 12.7891 -1 20 43
-5.07175 13.4891 -1 20 44
-5.07175 14.1891 -1 20 45
-5.07175 14.8891 -1 20 46
-5.07175 15.5891 -1 20 47
-5.07175 16.2891 -1 20 48
-5.07175 16.9891 1 20 49
-5.07175 17.6891 1 20 50
-5.07175 18.3891 1 20 51
-5.07175 19.0891 1 20 52
-5.07175 19.7891 1 20 53
-5.07175 20.4891 1 20 54
-5.07175 21.1891 1 20 55
-5.07175 21.8891 1 20 56
-5.07175 22.5891 -1 20 57
-5.07175 23.2891 -1 20 58
-5.07175 23.9891 -1 20 59
-5.07175 24.6891 -1 20 60
-5.77175 -17.3109 -1 21 0
-5.77175 -16.6109 -1 21 1
-5.77175 -15.9109 -1 21 2
-5.77175 -15.2109 -1 21 3
-5.77175 -14.5109 -1 21 4
-5.77175 -13.8109 -1 21 5
-5.77175 -13.1109 -1 21 6
-5.77175 -12.4109 -1 21 7
-5.77175 -11.7109 -1 21 8
-5.77175 -11.0109 -1 21 9
-5.77175 -10.3109 -1 21 10
-5.77175 -9.61086 -1 21 11
-5.77175 -8.91086 -1 21 12
-5.77175 -8.21086 -1 21 13
-5.77175 -7.51086 -1 21 14
-5.77175 -6.81086 -1 21 15
-5.77175 -6.11086 -1 21 16
-5.77175 -5.41086 -1 21 17
-5.77175 -4.71086 -1 21 18
-5.77175 -4.01086 -1 21 19
-5.77175 -3.31086 -1 21 20
-5.77175 -2.61086 -1 21 21
-5.77175 -1.91086 1 21 22
-5.77175 -1.21086 1 21 23
-5.77175 -0.510863 1 21 24
-5.77175 0.189137 -1 21 25
-5.77175 0.889137 -1 21 26
-5.77175 1.58914 -1 21 27
-5.77175 2.28914 -1 21 28
-5.77175 2.98914 -1 21 29
-5.77175 3.68914 -1 21 30
-5.77175 4.38914 -1 21 31
-5.77175 5.08914 1 21 32
-5.77175 5.78914 1 21 33
-5.77175 6.48914 1 21 34
-5.77175 7.18914 1 21 35
-5.77175 7.88914 1 21 36
-5.77175 8.58914 1 21 37
-5.77175 9.28914 1 21 38
-5.77175 9.98914 1 21 39
-5.77175 10.6891 1 21 40
-5.77175 11.3891 -1 21 41
-5.77175 12.0891 -1 21 42
-5.77175 12.7891 -1 21 43
-5.77175 13.4891 -1 21 44
-5.77175 14.1891 -1 21 45
-5.77175 14.8891 -1 21 46
-5.77175 15.5891 -1 21 47
-5.77175 16.2891 -1 21 48
-5.77175 16.9891 -1 21 49
-5.77175 17.6891 1 21 50
-5.77175 18.3891 1 21 51
-5.77175 19.0891 1 21 52
-5.77175 19.7891 1 21 53
-5.77175 20.4891 1 21 54
-5.77175 21.1891 1 21 55
-5.77175 21.8891 1 21 56
-5.77175 22.5891 -1 21 57
-5.77175 23.2891 -1 21 58
-5.77175 23.9891 -1 21 59
-5.77175 24.6891 -1 21 60
-6.47175 -17.3109 -1 22 0
-6.47175 -16.6109 -1 22 1
-6.47175 -15.9109 -1 22 2
-6.47175 -15.2109 -1 22 3
-6.47175 -14.5109 -1 22 4
-6.47175 -13.8109 -1 22 5
-6.47175 -13.1109 -1 22 6
-6.47175 -12.4109 -1 22 7
-6.47175 -11.7109 -1 22 8
-6.47175 -11.0109 -1 22 9
-6.47175 -10.3109 -1 22 10
-6.47175 -9.61086 -1 22 11
-6.47175 -8.91086 -1 22 12
-6.47175 -8.21086 -1 22 13
-6.47175 -7.51086 -1 22 14
-6.47175 -6.81086 -1 22 15
-6.47175 -6.11086 -1 22 16
-6.47175 -5.41086 -1 22 17
-6.47175 -4.71086 -1 22 18
-6.47175 -4.01086 -1 22 19
-6.47175 -3.31086 -1 22 20
-6.47175 -2.61086 -1 22 21
-6.47175 -1.91086 -1 22 22
-6.47175 -1.21086 1 22 23
-6.47175 -0.510863 1 22 24
-6.47175 0.189137 -1 22 25
-6.47175 0.889137 -1 22 26
-6.47175 1.58914 -1 22 27
-6.47175 2.28914 -1 22 28
-6.47175 2.98914 -1 22 29
-6.47175 3.68914 -1 22 30
-6.47175 4.38914 -1 22 31
-6.47175 5.08914 1 22 32
-6.47175 5.78914 1 22 33
-6.47175 6.48914 1 22 34
-6.47175 7.18914 1 22 35
-6.47175 7.88914 1 22 36
-6.47175 8.58914 1 22 37
-6.47175 9.28914 1 22 38
-6.47175 9.98914 1 22 39
-6.47175 10.6891 1 22 40
-6.47175 11.3891 -1 22 41
-6.47175 12.0891 -1 22 42
-6.47175 12.7891 -1 22 43
-6.47175 13.4891 -1 22 44
-6.47175 14.1891 -1 22 45
-6.47175 14.8891 -1 22 46
-6.47175 15.5891 -1 22 47
-6.47175 16.2891 -1 22 48
-6.47175 16.9891 -1 22 49
-6.47175 17.6891 -1 22 50
-6.47175 18.3891 -1 22 51
-6.47175 19.0891 1 22 52
-6.47175 19.7891 1 22 53
-6.47175 20.4891 1 22 54
-6.47175 21.1891 1 22 55
-6.47175 21.8891 -1 22 56
-6.47175 22.5891 -1 22 57
-6.47175 23.2891 -1 22 58
-6.47175 23.9891 -1 22 59
-6.47175 24.6891 -1 22 60
-7.17175 -17.3109 -1 23 0
-7.17175 -16.6109 -1 23 1
-7.17175 -15.9109 -1 23 2
-7.17175 -15.2109 -1 23 3
-7.17175 -14.5109 -1 23 4
-7.17175 -13.8109 -1 23 5
-7.17175 -13.1109 -1 23 6
-7.17175 -12.4109 -1 23 7
-7.17175 -11.7109 -1 23 8
-7.17175 -11.0109 -1 23 9
-7.17175 -10.3109 -1 23 10
-7.17175 -9.61086 -1 23 11
-7.17175 -8.91086 -1 23 12
-7.17175 -8.21086 -1 23 13
-7.17175 -7.51086 -1 23 14
-7.17175 -6.81086 -1 23 15
-7.17175 -6.11086 -1 23 16
-7.17175 -5.41086 -1 23 17
-7.17175 -4.71086 -1 23 18
-7.17175 -4.01086 -1 23 19
-7.17175 -3.31086 -1 23 20
-7.17175 -2.61086 -1 23 21
-7.17175 -1.91086 1 23 22
-7.17175 -1.21086 1 23 23
-7.17175 -0.510863 1 23 24
-7.17175 0.189137 -1 23 25
-7.17175 0.889137 -1 23 26
-7.17175 1.58914 -1 23 27
-7.17175 2.28914 -1 23 28
-7.17175 2.98914 -1 23 29
-7.17175 3.68914 -1 23 30
-7.17175 4.38914 -1 23 31
-7.17175 5.08914 1 23 32
-7.17175 5.78914 1 23 33
-7.17175 6.48914 1 23 34
-7.17175 7.18914 1 23 35
-7.17175 7.88914 1 23 36
-7.17175 8.58914 1 23 37
-7.17175 9.28914 1 23 38
-7.17175 9.98914 1 23 39
-7.17175 10.6891 1 23 40
-7.17175 11.3891 -1 23 41
-7.17175 12.0891 -1 23 42
-7.17175 12.7891 -1 23 43
-7.17175 13.4891 -1 23 44
-7.17175 14.1891 -1 23 45
-7.17175 14.8891 -1 23 46
-7.17175 15.5891 -1 23 47
-7.17175 16.2891 -1 23 48
-7.17175 16.9891 -1 23 49
-7.17175 17.6891 -1 23 50
-7.17175 18.3891 -1 23 51
-7.17175 19.0891 -1 23 52
-7.17175 19.7891 -1 23 53
-7.17175 20.4891 1 23 54
-7.17175 21.1891 1 23 55
-7.17175 21.8891 -1 23 56
-7.17175 22.5891 -1 23 57
-7.17175 23.2891 -1 23 58
-7.17175 23.9891 -1 23 59
-7.17175 24.6891 -1 23 60
-7.87175 -17.3109 -1 24 0
-7.87175 -16.6109 -1 24 1
-7.87175 -15.9109 -1 24 2
-7.87175 -15.2109 -1 24 3
-7.87175 -14.5109 -1 24 4
-7.87175 -13.8109 -1 24 5
-7.87175 -13.1109 -1 24 6
-7.87175 -12.4109 -1 24 7
-7.87175 -11.7109 -1 24 8
-7.87175 -11.0109 -1 24 9
-7.87175 -10.3109 -1 24 10
-7.87175 -9.61086 -1 24 11
-7.87175 -8.91086 -1 24 12
-7.87175 -8.21086 -1 24 13
-7.87175 -7.51086 -1 24 14
-7.87175 -6.81086 -1 24 15
-7.87175 -6.11086 -1 24 16
-7.87175 -5.41086 -1 24 17
-7.87175 -4.71086 -1 24 18
-7.87175 -4.01086 -1 24 19
-7.87175 -3.31086 -1 24 20
-7.87175 -2.61086 -1 24 21
-7.87175 -1.91086 -1 24 22
-7.87175 -1.21086 1 24 23
-7.87175 -0.510863 1 24 24
-7.87175 0.189137 -1 24 25
-7.87175 0.889137 -1 24 26
-7.87175 1.58914 -1 24 27
-7.87175 2.28914 -1 24 28
-7.87175 2.98914 -1 24 29
-7.87175 3.68914 -1 24 30
-7.87175 4.38914 -1 24 31
-7.87175 5.08914 1 24 32
-7.87175 5.78914 1 24 33
-7.87175 6.48914 1 24 34
-7.87175 7.18914 1 24 35
-7.87175 7.88914 1 24 36
-7.87175 8.58914 1 24 37
-7.87175 9.28914 1 24 38
-7.87175 9.98914 1 24 39
-7.87175 10.6891 1 24 40
-7.87175 11.3891 -1 24 41
-7.87175 12.0891 -1 24 42
-7.87175 12.7891 -1 24 43
-7.87175 13.4891 -1 24 44
-7.87175 14.1891 -1 24 45
-7.87175 14.8891 -1 24 46
-7.87175 15.5891 -1 24 47
-7.87175 16.2891 -1 24 48
-7.87175 16.9891 -1 24 49
-7.87175 17.6891 -1 24 50
-7.87175 18.3891 -1 24 51
-7.87175 19.0891 -1 24 52
-7.87175 19.7891 -1 24 53
-7.87175 20.4891 -1 24 54
-7.87175 21.1891 -1 24 55
-7.87175 21.8891 1 24 56
-7.87175 22.5891 -1 24 57
-7.87175 23.2891 -1 24 58
-7.87175 23.9891 -1 24 59
-7.87175 24.6891 -1 24 60
-8.57174 -17.3109 -1 25 0
-8.57174 -16.6109 -1 25 1
-8.57174 -15.9109 -1 25 2
-8.57174 -15.2109 -1 25 3
-8.57174 -14.5109 -1 25 4
-8.57174 -13.8109 -1 25 5
-8.57174 -13.1109 -1 25 6
-8.57174 -12.4109 -1 25 7
-8.57174 -11.7109 -1 25 8
-8.57174 -11.0109 -1 25 9
-8.57174 -10.3109 -1 25 10
-8.57174 -9.61086 -1 25 11
-8.57174 -8.91086 -1 25 12
-8.57174 -8.21086 -1 25 13
-8.57174 -7.51086 -1 25 14
-8.57174 -6.81086 -1 25 15
-8.57174 -6.11086 -1 25 16
-8.57174 -5.41086 -1 25 17
-8.57174 -4.71086 -1 25 18
-8.57174 -4.01086 -1 25 19
-8.57174 -3.31086 -1 25 20
-8.57174 -2.61086 -1 25 21
-8.57174 -1.91086 -1 25 22
-8.57174 -1.21086 -1 25 23
-8.57174 -0.510863 1 25 24
-8.57174 0.189137 -1 25 25
-8.57174 0.889137 -1 25 26
-8.57174 1.58914 -1 25 27
-8.57174 2.28914 -1 25 28
-8.57174 2.98914 -1 25 29
-8.57174 3.68914 -1 25 30
-8.57174 4.38914 -1 25 31
-8.57174 5.08914 1 25 32
-8.57174 5.78914 1 25 33
-8.57174 6.48914 1 25 34
-8.57174 7.18914 1 25 35
-8.57174 7.88914 1 25 36
-8.57174 8.58914 1 25 37
-8.57174 9.28914 1 25 38
-8.57174 9.98914 1 25 39
-8.57174 10.6891 -1 25 40
-8.57174 11.3891 -1 25 41
-8.57174 12.0891 -1 25 42
-8.57174 12.7891 -1 25 43
-8.57174 13.4891 -1 25 44
-8.57174 14.1891 -1 25 45
-8.57174 14.8891 -1 25 46
-8.57174 15.5891 -1 25 47
-8.57174 16.2891 -1 25 48
-8.57174 16.9891 -1 25 49
-8.57174 17.6891 -1 25 50
-8.57174 18.3891 -1 25 51
-8.57174 19.0891 -1 25 52
-8.57174 19.7891 -1 25 53
-8.57174 20.4891 -1 25 54
-8.57174 21.1891 -1 25 55
-8.57174 21.8891 -1 25 56
-8.57174 22.5891 -1 25 57
-8.57174 23.2891 -1 25 58
-8.57174 23.9891 -1 25 59
-8.57174 24.6891 -1 25 60
-9.27175 -17.3109 -1 26 0
-9.27175 -16.6109 -1 26 1
-9.27175 -15.9109 -1 26 2
-9.27175 -15.2109 -1 26 3
-9.27175 -14.5109 -1 26 4
-9.27175 -13.8109 -1 26 5
-9.27175 -13.1109 -1 26 6
-9.27175 -12.4109 -1 26 7
-9.27175 -11.7109 -1 26 8
-9.27175 -11.0109 -1 26 9
-9.27175 -10.3109 -1 26 10
-9.27175 -9.61086 -1 26 11
-9.27175 -8.91086 -1 26 12
-9.27175 -8.21086 -1 26 13
-9.27175 -7.51086 -1 26 14
-9.27175 -6.81086 -1 26 15
-9.27175 -6.11086 -1 26 16
-9.27175 -5.41086 -1 26 17
-9.27175 -4.71086 -1 26 18
-9.27175 -4.01086 -1 26 19
-9.27175 -3.31086 -1 26 20
-9.27175 -2.61086 -1 26 21
-9.27175 -1.91086 -1 26 22
-9.27175 -1.21086 -1 26 23
-9.27175 -0.510863 -1 26 24
-9.27175 0.189137 -1 26 25
-9.27175 0.889137 -1 26 26
-9.27175 1.58914 -1 26 27
-9.27175 2.28914 -1 26 28
-9.27175 2.98914 -1 26 29
-9.27175 3.68914 -1 26 30
-9.27175 4.38914 -1 26 31
-9.27175 5.08914 1 26 32
-9.27175 5.78914 1 26 33
-9.27175 6.48914 1 26 34
-9.27175 7.18914 1 26 35
-9.27175 7.88914 1 26 36
-9.27175 8.58914 1 26 37
-9.27175 9.28914 1 26 38
-9.27175 9.98914 1 26 39
-9.27175 10.6891 -1 26 40
-9.27175 11.3891 -1 26 41
-9.27175 12.0891 -1 26 42
-9.27175 12.7891 -1 26 43
-9.27175 13.4891 -1 26 44
-9.27175 14.1891 -1 26 45
-9.27175 14.8891 -1 26 46
-9.27175 15.5891 -1 26 47
-9.27175 16.2891 -1 26 48
-9.27175 16.9891 -1 26 49
-9.27175 17.6891 -1 26 50
-9.27175 18.3891 -1 26 51
-9.27175 19.0891 -1 26 52
-9.27175 19.7891 -1 26 53
-9.27175 20.4891 -1 26 54
-9.27175 21.1891 -1 26 55
-9.27175 21.8891 -1 26 56
-9.27175 22.5891 -1 26 57
-9.27175 23.2891 -1 26 58
-9.27175 23.9891 -1 26 59
-9.27175 24.6891 -1 26 60
-9.97175 -17.3109 -1 27 0
-9.97175 -16.6109 -1 27 1
-9.97175 -15.9109 -1 27 2
-9.97175 -15.2109 -1 27 3
-9.97175 -14.5109 -1 27 4
-9.97175 -13.8109 -1 27 5
-9.97175 -13.1109 -1 27 6
-9.97175 -12.4109 -1 27 7
-9.97175 -11.7109 -1 27 8
-9.97175 -11.0109 -1 27 9
-9.97175 -10.3109 -1 27 10
-9.97175 -9.61086 -1 27 11
-9.97175 -8.91086 -1 27 12
-9.97175 -8.21086 -1 27 13
-9.97175 -7.51086 -1 27 14
-9.97175 -6.81086 -1 27 15
-9.97175 -6.11086 -1 27 16
-9.97175 -5.41086 -1 27 17
-9.97175 -4.71086 -1 27 18
-9.97175 -4.01086 -1 27 19
-9.97175 -3.31086 -1 27 20
-9.97175 -2.61086 -1 27 21
-9.97175 -1.91086 -1 27 22
-9.97175 -1.21086 -1 27 23
-9.97175 -0.510863 -1 27 24
-9.97175 0.189137 -1 27 25
-9.97175 0.889137 -1 27 26
-9.97175 1.58914 -1 27 27
-9.97175 2.28914 -1 27 28
-9.97175 2.98914 -1 27 29
-9.97175 3.68914 -1 27 30
-9.97175 4.38914 -1 27 31
-9.97175 5.08914 -1 27 32
-9.97175 5.78914 1 27 33
-9.97175 6.48914 1 27 34
-9.97175 7.18914 1 27 35
-9.97175 7.88914 1 27 36
-9.97175 8.58914 1 27 37
-9.97175 9.28914 1 27 38
-9.97175 9.98914 1 27 39
-9.97175 10.6891 -1 27 40
-9.97175 11.3891 -1 27 41
-9.97175 12.0891 -1 27 42
-9.97175 12.7891 -1 27 43
-9.97175 13.4891 -1 27 44
-9.97175 14.1891 -1 27 45
-9.97175 14.8891 -1 27 46
-9.97175 15.5891 -1 27 47
-9.97175 16.2891 -1 27 48
-9.97175 16.9891 -1 27 49
-9.97175 17.6891 -1 27 50
-9.97175 18.3891 -1 27 51
-9.97175 19.0891 -1 27 52
-9.97175 19.7891 -1 27 53
-9.97175 20.4891 -1 27 54
-9.97175 21.1891 -1 27 55
-9.97175 21.8891 -1 27 56
-9.97175 22.5891 -1 27 57
-9.97175 23.2891 -1 27 58
-9.97175 23.9891 -1 27 59
-9.97175 24.6891 -1 27 60
-10.6717 -17.3109 -1 28 0
-10.6717 -16.6109 -1 28 1
-10.6717 -15.9109 -1 28 2
-10.6717 -15.2109 -1 28 3
-10.6717 -14.5109 -1 28 4
-10.6717 -13.8109 -1 28 5
-10.6717 -13.1109 -1 28 6
-10.6717 -12.4109 -1 28 7
-10.6717 -11.7109 -1 28 8
-10.6717 -11.0109 -1 28 9
-10.6717 -10.3109 -1 28 10
-10.6717 -9.61086 -1 28 11
-10.6717 -8.91086 -1 28 12
-10.6717 -8.21086 -1 28 13
-10.6717 -7.51086 -1 28 14
-10.6717 -6.81086 -1 28 15
-10.6717 -6.11086 -1 28 16
-10.6717 -5.41086 -1 28 17
-10.6717 -4.71086 -1 28 18
-10.6717 -4.01086 -1 28 19
-10.6717 -3.31086 -1 28 20
-10.6717 -2.61086 -1 28 21
-10.6717 -1.91086 -1 28 22
-10.6717 -1.21086 -1 28 23
-10.6717 -0.510863 -1 28 24
-10.6717 0.189137 -1 28 25
-10.6717 0.889137 -1 28 26
-10.6717 1.58914 -1 28 27
-10.6717 2.28914 -1 28 28
-10.6717 2.98914 -1 28 29
-10.6717 3.68914 -1 28 30
-10.6717 4.38914 -1 28 31
-10.6717 5.08914 -1 28 32
-10.6717 5.78914 1 28 33
-10.6717 6.48914 1 28 34
-10.6717 7.18914 1 28 35
-10.6717 7.88914 1 28 36
-10.6717 8.58914 1 28 37
-10.6717 9.28914 1 28 38
-10.6717 9.98914 1 28 39
-10.6717 10.6891 -1 28 40
-10.6717 11.3891 -1 28 41
-10.6717 12.0891 -1 28 42
-10.6717 12.7891 -1 28 43
-10.6717 13.4891 -1 28 44
-10.6717 14.1891 -1 28 45
-10.6717 14.8891 -1 28 46
-10.6717 15.5891 -1 28 47
-10.6717 16.2891 -1 28 48
-10.6717 16.9891 -1 28 49
-10.6717 17.6891 -1 28 50
-10.6717 18.3891 -1 28 51
-10.6717 19.0891 -1 28 52
-10.6717 19.7891 -1 28 53
-10.6717 20.4891 -1 28 54
-10.6717 21.1891 -1 28 55
-10.6717 21.8891 -1 28 56
-10.6717 22.5891 -1 28 57
-10.6717 23.2891 -1 28 58
-10.6717 23.9891 -1 28 59
-10.6717 24.6891 -1 28 60
-11.3717 -17.3109 -1 29 0
-11.3717 -16.6109 -1 29 1
-11.3717 -15.9109 -1 29 2
-11.3717 -15.2109 -1 29 3
-11.3717 -14.5109 -1 29 4
-11.3717 -13.8109 -1 29 5
-11.3717 -13.1109 -1 29 6
-11.3717 -12.4109 -1 29 7
-11.3717 -11.7109 -1 29 8
-11.3717 -11.0109 -1 29 9
-11.3717 -10.3109 -1 29 10
-11.3717 -9.61086 -1 29 11
-11.3717 -8.91086 -1 29 12
-11.3717 -8.21086 -1 29 13
-11.3717 -7.51086 -1 29 14
-11.3717 -6.81086 -1 29 15
-11.3717 -6.11086 -1 29 16
-11.3717 -5.41086 -1 29 17
-11.3717 -4.71086 -1 29 18
-11.3717 -4.01086 -1 29 19
-11.3717 -3.31086 -1 29 20
-11.3717 -2.61086 -1 29 21
-11.3717 -1.91086 -1 29 22
-11.3717 -1.21086 -1 29 23
-11.3717 -0.510863 -1 29 24
-11.3717 0.189137 -1 29 25
-11.3717 0.889137 -1 29 26
-11.3717 1.58914 -1 29 27
-11.3717 2.28914 -1 29 28
-11.3717 2.98914 -1 29 29
-11.3717 3.68914 -1 29 30
-11.3717 4.38914 -1 29 31
-11.3717 5.08914 -1 29 32
-11.3717 5.78914 1 29 33
-11.3717 6.48914 1 29 34
-11.3717 7.18914 1 29 35
-11.3717 7.88914 1 29 36
-11.3717 8.58914 1 29 37
-11.3717 9.28914 1 29 38
-11.3717 9.98914 1 29 39
-11.3717 10.6891 -1 29 40
-11.3717 11.3891 -1 29 41
-11.3717 12.0891 -1 29 42
-11.3717 12.7891 -1 29 43
-11.3717 13.4891 -1 29 44
-11.3717 14.1891 -1 29 45
-11.3717 14.8891 -1 29 46
-11.3717 15.5891 -1 29 47
-11.3717 16.2891 -1 29 48
-11.3717 16.9891 -1 29 49
-11.3717 17.6891 -1 29 50
-11.3717 18.3891 -1 29 51
-11.3717 19.0891 -1 29 52
-11.3717 19.7891 -1 29 53
-11.3717 20.4891 -1 29 54
-11.3717 21.1891 -1 29 55
-11.3717 21.8891 -1 29 56
-11.3717 22.5891 -1 29 57
-11.3717 23.2891 -1 29 58
-11.3717 23.9891 -1 29 59
-11.3717 24.6891 -1 29 60
-12.0717 -17.3109 -1 30 0
-12.0717 -16.6109 -1 30 1
-12.0717 -15.9109 -1 30 2
-12.0717 -15.2109 -1 30 3
-12.0717 -14.5109 -1 30 4
-12.0717 -13.8109 -1 30 5
-12.0717 -13.1109 -1 30 6
-12.0717 -12.4109 -1 30 7
-12.0717 -11.7109 -1 30 8
-12.0717 -11.0109 -1 30 9
-12.0717 -10.3109 -1 30 10
-12.0717 -9.61086 -1 30 11
-12.0717 -8.91086 -1 30 12
-12.0717 -8.21086 -1 30 13
-12.0717 -7.51086 -1 30 14
-12.0717 -6.81086 -1 30 15
-12.0717 -6.11086 -1 30 16
-12.0717 -5.41086 -1 30 17
-12.0717 -4.71086 -1 30 18
-12.0717 -4.01086 -1 30 19
-12.0717 -3.31086 -1 30 20
-12.0717 -2.61086 -1 30 21
-12.0717 -1.91086 -1 30 22
-12.0717 -1.21086 -1 30 23
-12.0717 -0.510863 -1 30 24
-12.0717 0.189137 -1 30 25
-12.0717 0.889137 -1 30 26
-12.0717 1.58914 -1 30 27
-12.0717 2.28914 -1 30 28
-12.0717 2.98914 -1 30 29
-12.0717 3.68914 -1 30 30
-12.0717 4.38914 -1 30 31
-12.0717 5.08914 -1 30 32
-12.0717 5.78914 1 30 33
-12.0717 6.48914 1 30 34
-12.0717 7.18914 1 30 35
-12.0717 7.88914 1 30 36
-12.0717 8.58914 1 30 37
-12.0717 9.28914 1 30 38
-12.0717 9.98914 1 30 39
-12.0717 10.6891 -1 30 40
-12.0717 11.3891 -1 30 41
-12.0717 12.0891 -1 30 42
-12.0717 12.7891 -1 30 43
-12.0717 13.4891 -1 30 44
-12.0717 14.1891 -1 30 45
-12.0717 14.8891 -1 30 46
-12.0717 15.5891 -1 30 47
-12.0717 16.2891 -1 30 48
-12.0717 16.9891 -1 30 49
-12.0717 17.6891 -1 30 50
-12.0717 18.3891 -1 30 51
-12.0717 19.0891 -1 30 52
-12.0717 19.7891 -1 30 53
-12.0717 20.4891 -1 30 54
-12.0717 21.1891 -1 30 55
-12.0717 21.8891 -1 30 56
-12.0717 22.5891 -1 30 57
-12.0717 23.2891 -1 30 58
-12.0717 23.9891 -1 30 59
-12.0717 24.6891 -1 30 60
-12.7717 -17.3109 -1 31 0
-12.7717 -16.6109 -1 31 1
-12.7717 -15.9109 -1 31 2
-12.7717 -15.2109 -1 31 3
-12.7717 -14.5109 -1 31 4
-12.7717 -13.8109 -1 31 5
-12.7717 -13.1109 -1 31 6
-12.7717 -12.4109 -1 31 7
-12.7717 -11.7109 -1 31 8
-12.7717 -11.0109 -1 31 9
-12.7717 -10.3109 -1 31 10
-12.7717 -9.61086 -1 31 11
-12.7717 -8.91086 -1 31 12
-12.7717 -8.21086 -1 31 13
-12.7717 -7.51086 -1 31 14
-12.7717 -6.81086 -1 31 15
-12.7717 -6.11086 -1 31 16
-12.7717 -5.41086 -1 31 17
-12.7717 -4.71086 -1 31 18
-12.7717 -4.01086 -1 31 19
-12.7717 -3.31086 -1 31 20
-12.7717 -2.61086 -1 31 21
-12.7717 -1.91086 -1 31 22
-12.7717 -1.21086 -1 31 23
-12.7717 -0.510863 -1 31 24
-12.7717 0.189137 -1 31 25
-12.7717 0.889137 -1 31 26
-12.7717 1.58914 -1 31 27
-12.7717 2.28914 -1 31 28
-12.7717 2.98914 -1 31 29
-12.7717 3.68914 -1 31 30
-12.7717 4.38914 -1 31 31
-12.7717 5.08914 -1 31 32
-12.7717 5.78914 -1 31 33
-12.7717 6.48914 1 31 34
-12.7717 7.18914 1 31 35
-12.7717 7.88914 1 31 36
-12.7717 8.58914 1 31 37
-12.7717 9.28914 1 31 38
-12.7717 9.98914 -1 31 39
-12.7717 10.6891 -1 31 40
-12.7717 11.3891 -1 31 41
-12.7717 12.0891 -1 31 42
-12.7717 12.7891 -1 31 43
-12.7717 13.4891 -1 31 44
-12.7717 14.1891 -1 31 45
-12.7717 14.8891 -1 31 46
-12.7717 15.5891 -1 31 47
-12.7717 16.2891 -1 31 48
-12.7717 16.9891 -1 31 49
-12.7717 17.6891 -1 31 50
-12.7717 18.3891 -1 31 51
-12.7717 19.0891 -1 31 52
-12.7717 19.7891 -1 31 53
-12.7717 20.4891 -1 31 54
-12.7717 21.1891 -1 31 55
-12.7717 21.8891 -1 31 56
-12.7717 22.5891 -1 31 57
-12.7717 23.2891 -1 31 58
-12.7717 23.9891 -1 31 59
-12.7717 24.6891 -1 31 60
-13.4717 -17.3109 -1 32 0
-13.4717 -16.6109 -1 32 1
-13.4717 -15.9109 -1 32 2
-13.4717 -15.2109 -1 32 3
-13.4717 -14.5109 -1 32 4
-13.4717 -13.8109 -1 32 5
-13.4717 -13.1109 -1 32 6
-13.4717 -12.4109 -1 32 7
-13.4717 -11.7109 -1 32 8
-13.4717 -11.0109 -1 32 9
-13.4717 -10.3109 -1 32 10
-13.4717 -9.61086 -1 32 11
-13.4717 -8.91086 -1 32 12
-13.4717 -8.21086 -1 32 13
-13.4717 -7.51086 -1 32 14
-13.4717 -6.81086 -1 32 15
-13.4717 -6.11086 -1 32 16
-13.4717 -5.41086 -1 32 17
-13.4717 -4.71086 -1 32 18
-13.4717 -4.01086 -1 32 19
-13.4717 -3.31086 -1 32 20
-13.4717 -2.61086 -1 32 21
-13.4717 -1.91086 -1 32 22
-13.4717 -1.21086 -1 32 23
-13.4717 -0.510863 -1 32 24
-13.4717 0.189137 -1 32 25
-13.4717 0.889137 -1 32 26
-13.4717 1.58914 -1 32 27
-13.4717 2.28914 -1 32 28
-13.4717 2.98914 -1 32 29
-13.4717 3.68914 -1 32 30
-13.4717 4.38914 -1 32 31
-13.4717 5.08914 -1 32 32
-13.4717 5.78914 -1 32 33
-13.4717 6.48914 1 32 34
-13.4717 7.18914 1 32 35
-13.4717 7.88914 1 32 36
-13.4717 8.58914 1 32 37
-13.4717 9.28914 1 32 38
-13.4717 9.98914 -1 32 39
-13.4717 10.6891 -1 32 40
-13.4717 11.3891 -1 32 41
-13.4717 12.0891 -1 32 42
-13.4717 12.7891 -1 32 43
-13.4717 13.4891 -1 32 44
-13.4717 14.1891 -1 32 45
-13.4717 14.8891 -1 32 46
-13.4717 15.5891 -1 32 47
-13.4717 16.2891 -1 32 48
-13.4717 16.9891 -1 32 49
-13.4717 17.6891 -1 32 50
-13.4717 18.3891 -1 32 51
-13.4717 19.0891 -1 32 52
-13.4717 19.7891 -1 32 53
-13.4717 20.4891 -1 32 54
-13.4717 21.1891 -1 32 55
-13.4717 21.8891 -1 32 56
-13.4717 22.5891 -1 32 57
-13.4717 23.2891 -1 32 58
-13.4717 23.9891 -1 32 59
-13.4717 24.6891 -1 32 60
-14.1717 -17.3109 -1 33 0
-14.1717 -16.6109 -1 33 1
-14.1717 -15.9109 -1 33 2
-14.1717 -15.2109 -1 33 3
-14.1717 -14.5109 -1 33 4
-14.1717 -13.8109 -1 33 5
-14.1717 -13.1109 -1 33 6
-14.1717 -12.4109 -1 33 7
-14.1717 -11.7109 -1 33 8
-14.1717 -11.0109 -1 33 9
-14.1717 -10.3109 -1 33 10
-14.1717 -9.61086 -1 33 11
-14.1717 -8.91086 -1 33 12
-14.1717 -8.21086 -1 33 13
-14.1717 -7.51086 -1 33 14
-14.1717 -6.81086 -1 33 15
-14.1717 -6.11086 -1 33 16
-14.1717 -5.41086 -1 33 17
-14.1717 -4.71086 -1 33 18
-14.1717 -4.01086 -1 33 19
-14.1717 -3.31086 -1 33 20
-14.1717 -2.61086 -1 33 21
-14.1717 -1.91086 -1 33 22
-14.1717 -1.21086 -1 33 23
-14.1717 -0.510863 -1 33 24
-14.1717 0.189137 -1 33 25
-14.1717 0.889137 -1 33 26
-14.1717 1.58914 -1 33 27
-14.1717 2.28914 -1 33 28
-14.1717 2.98914 -1 33 29
-14.1717 3.68914 -1 33 30
-14.1717 4.38914 -1 33 31
-14.1717 5.08914 -1 33 32
-14.1717 5.78914 -1 33 33
-14.1717 6.48914 1 33 34
-14.1717 7.18914 1 33 35
-14.1717 7.88914 1 33 36
-14.1717 8.58914 1 33 37
-14.1717 9.28914 1 33 38
-14.1717 9.98914 -1 33 39
-14.1717 10.6891 -1 33 40
-14.1717 11.3891 -1 33 41
-14.1717 12.0891 -1 33 42
-14.1717 12.7891 -1 33 43
-14.1717 13.4891 -1 33 44
-14.1717 14.1891 -1 33 45
-14.1717 14.8891 -1 33 46
-14.1717 15.5891 -1 33 47
-14.1717 16.2891 -1 33 48
-14.1717 16.9891 -1 33 49
-14.1717 17.6891 -1 33 50
-14.1717 18.3891 -1 33 51
-14.1717 19.0891 -1 33 52
-14.1717 19.7891 -1 33 53
-14.1717 20.4891 -1 33 54
-14.1717 21.1891 -1 33 55
-14.1717 21.8891 -1 33 56
-14.1717 22.5891 -1 33 57
-14.1717 23.2891 -1 33 58
-14.1717 23.9891 -1 33 59
-14.1717 24.6891 -1 33 60
-14.8717 -17.3109 -1 34 0
-14.8717 -16.6109 -1 34 1
-14.8717 -15.9109 -1 34 2
-14.8717 -15.2109 -1 34 3
-14.8717 -14.5109 -1 34 4
-14.8717 -13.8109 -1 34 5
-14.8717 -13.1109 -1 34 6
-14.8717 -12.4109 -1 34 7
-14.8717 -11.7109 -1 34 8
-14.8717 -11.0109 -1 34 9
-14.8717 -10.3109 -1 34 10
-14.8717 -9.61086 -1 34 11
-14.8717 -8.91086 -1 34 12
-14.8717 -8.21086 -1 34 13
-14.8717 -7.51086 -1 34 14
-14.8717 -6.81086 -1 34 15
-14.8717 -6.11086 -1 34 16
-14.8717 -5.41086 -1 34 17
-14.8717 -4.71086 -1 34 18
-14.8717 -4.01086 -1 34 19
-14.8717 -3.31086 -1 34 20
-14.8717 -2.61086 -1 34 21
-14.8717 -1.91086 -1 34 22
-14.8717 -1.21086 -1 34 23
-14.8717 -0.510863 -1 34 24
-14.8717 0.189137 -1 34 25
-14.8717 0.889137 -1 34 26
-14.8717 1.58914 -1 34 27
-14.8717 2.28914 -1 34 28
-14.8717 2.98914 -1 34 29
-14.8717 3.68914 -1 34 30
-14.8717 4.38914 -1 34 31
-14.8717 5.08914 -1 34 32
-14.8717 5.78914 -1 34 33
-14.8717 6.48914 1 34 34
-14.8717 7.18914 1 34 35
-14.8717 7.88914 -1 34 36
-14.8717 8.58914 -1 34 37
-14.8717 9.28914 1 34 38
-14.8717 9.98914 -1 34 39
-14.8717 10.6891 -1 34 40
-14.8717 11.3891 -1 34 41
-14.8717 12.0891 -1 34 42
-14.8717 12.7891 -1 34 43
-14.8717 13.4891 -1 34 44
-14.8717 14.1891 -1 34 45
-14.8717 14.8891 -1 34 46
-14.8717 15.5891 -1 34 47
-14.8717 16.2891 -1 34 48
-14.8717 16.9891 -1 34 49
-14.8717 17.6891 -1 34 50
-14.8717 18.3891 -1 34 51
-14.8717 19.0891 -1 34 52
-14.8717 19.7891 -1 34 53
-14.8717 20.4891 -1 34 54
-14.8717 21.1891 -1 34 55
-14.8717 21.8891 -1 34 56
-14.8717 22.5891 -1 34 57
-14.8717 23.2891 -1 34 58
-14.8717 23.9891 -1 34 59
-14.8717 24.6891 -1 34 60
-15.5717 -17.3109 -1 35 0
-15.5717 -16.6109 -1 35 1
-15.5717 -15.9109 -1 35 2
-15.5717 -15.2109 -1 35 3
-15.5717 -14.5109 -1 35 4
-15.5717 -13.8109 -1 35 5
-15.5717 -13.1109 -1 35 6
-15.5717 -12.4109 -1 35 7
-15.5717 -11.7109 -1 35 8
-15.5717 -11.0109 -1 35 9
-15.5717 -10.3109 -1 35 10
-15.5717 -9.61086 -1 35 11
-15.5717 -8.91086 -1 35 12
-15.5717 -8.21086 -1 35 13
-15.5717 -7.51086 -1 35 14
-15.5717 -6.81086 -1 35 15
-15.5717 -6.11086 -1 35 16
-15.5717 -5.41086 -1 35 17
-15.5717 -4.71086 -1 35 18
-15.5717 -4.01086 -1 35 19
-15.5717 -3.31086 -1 35 20
-15.5717 -2.61086 -1 35 21
-15.5717 -1.91086 -1 35 22
-15.5717 -1.21086 -1 35 23
-15.5717 -0.510863 -1 35 24
-15.5717 0.189137 -1 35 25
-15.5717 0.889137 -1 35 26
-15.5717 1.58914 -1 35 27
-15.5717 2.28914 -1 35 28
-15.5717 2.98914 -1 35 29
-15.5717 3.68914 -1 35 30
-15.5717 4.38914 -1 35 31
-15.5717 5.08914 -1 35 32
-15.5717 5.78914 -1 35 33
-15.5717 6.48914 1 35 34
-15.5717 7.18914 -1 35 35
-15.5717 7.88914 -1 35 36
-15.5717 8.58914 -1 35 37
-15.5717 9.28914 -1 35 38
-15.5717 9.98914 -1 35 39
-15.5717 10.6891 -1 35 40
-15.5717 11.3891 -1 35 41
-15.5717 12.0891 -1 35 42
-15.5717 12.7891 -1 35 43
-15.5717 13.4891 -1 35 44
-15.5717 14.1891 -1 35 45
-15.5717 14.8891 -1 35 46
-15.5717 15.5891 -1 35 47
-15.5717 16.2891 -1 35 48
-15.5717 16.9891 -1 35 49
-15.5717 17.6891 -1 35 50
-15.5717 18.3891 -1 35 51
-15.5717 19.0891 -1 35 52
-15.5717 19.7891 -1 35 53
-15.5717 20.4891 -1 35 54
-15.5717 21.1891 -1 35 55
-15.5717 21.8891 -1 35 56
-15.5717 22.5891 -1 35 57
-15.5717 23.2891 -1 35 58
-15.5717 23.9891 -1 35 59
-15.5717 24.6891 -1 35 60
-16.2717 -17.3109 -1 36 0
-16.2717 -16.6109 -1 36 1
-16.2717 -15.9109 -1 36 2
-16.2717 -15.2109 -1 36 3
-16.2717 -14.5109 -1 36 4
-16.2717 -13.8109 -1 36 5
-16.2717 -13.1109 -1 36 6
-16.2717 -12.4109 -1 36 7
-16.2717 -11.7109 -1 36 8
-16.2717 -11.0109 -1 36 9
-16.2717 -10.3109 -1 36 10
-16.2717 -9.61086 -1 36 11
-16.2717 -8.91086 -1 36 12
-16.2717 -8.21086 -1 36 13
-16.2717 -7.51086 -1 36 14
-16.2717 -6.81086 -1 36 15
-16.2717 -6.11086 -1 36 16
-16.2717 -5.41086 -1 36 17
-16.2717 -4.71086 -1 36 18
-16.2717 -4.01086 -1 36 19
-16.2717 -3.31086 -1 36 20
-16.2717 -2.61086 -1 36 21
-16.2717 -1.91086 -1 36 22
-16.2717 -1.21086 -1 36 23
-16.2717 -0.510863 -1 36 24
-16.2717 0.189137 -1 36 25
-16.2717 0.889137 -1 36 26
-16.2717 1.58914 -1 36 27
-16.2717 2.28914 -1 36 28
-16.2717 2.98914 -1 36 29
-16.2717 3.68914 -1 36 30
-16.2717 4.38914 -1 36 31
-16.2717 5.08914 -1 36 32
-16.2717 5.78914 -1 36 33
-16.2717 6.48914 1 36 34
-16.2717 7.18914 1 36 35
-16.2717 7.88914 -1 36 36
-16.2717 8.58914 -1 36 37
-16.2717 9.28914 -1 36 38
-16.2717 9.98914 -1 36 39
-16.2717 10.6891 -1 36 40
-16.2717 11.3891 -1 36 41
-16.2717 12.0891 -1 36 42
-16.2717 12.7891 -1 36 43
-16.2717 13.4891 -1 36 44
-16.2717 14.1891 -1 36 45
-16.2717 14.8891 -1 36 46
-16.2717 15.5891 -1 36 47
-16.2717 16.2891 -1 36 48
-16.2717 16.9891 -1 36 49
-16.2717 17.6891 -1 36 50
-16.2717 18.3891 -1 36 51
-16.2717 19.0891 -1 36 52
-16.2717 19.7891 -1 36 53
-16.2717 20.4891 -1 36 54
-16.2717 21.1891 -1 36 55
-16.2717 21.8891 -1 36 56
-16.2717 22.5891 -1 36 57
-16.2717 23.2891 -1 36 58
-16.2717 23.9891 -1 36 59
-16.2717 24.6891 -1 36 60
-16.9717 -17.3109 -1 37 0
-16.9717 -16.6109 -1 37 1
-16.9717 -15.9109 -1 37 2
-16.9717 -15.2109 -1 37 3
-16.9717 -14.5109 -1 37 4
-16.9717 -13.8109 -1 37 5
-16.9717 -13.1109 -1 37 6
-16.9717 -12.4109 -1 37 7
-16.9717 -11.7109 -1 37 8
-16.9717 -11.0109 -1 37 9
-16.9717 -10.3109 -1 37 10
-16.9717 -9.61086 -1 37 11
-16.9717 -8.91086 -1 37 12
-16.9717 -8.21086 -1 37 13
-16.9717 -7.51086 -1 37 14
-16.9717 -6.81086 -1 37 15
-16.9717 -6.11086 -1 37 16
-16.9717 -5.41086 -1 37 17
-16.9717 -4.71086 -1 37 18
-16.9717 -4.01086 -1 37 19
-16.9717 -3.31086 -1 37 20
-16.9717 -2.61086 -1 37 21
-16.9717 -1.91086 -1 37 22
-16.9717 -1.21086 -1 37 23
-16.9717 -0.510863 -1 37 24
-16.9717 0.189137 -1 37 25
-16.9717 0.889137 -1 37 26
-16.9717 1.58914 -1 37 27
-16.9717 2.28914 -1 37 28
-16.9717 2.98914 -1 37 29
-16.9717 3.68914 -1 37 30
-16.9717 4.38914 -1 37 31
-16.9717 5.08914 -1 37 32
-16.9717 5.78914 -1 37 33
-16.9717 6.48914 -1 37 34
-16.9717 7.18914 -1 37 35
-16.9717 7.88914 -1 37 36
-16.9717 8.58914 -1 37 37
-16.9717 9.28914 -1 37 38
-16.9717 9.98914 -1 37 39
-16.9717 10.6891 -1 37 40
-16.9717 11.3891 -1 37 41
-16.9717 12.0891 -1 37 42
-16.9717 12.7891 -1 37 43
-16.9717 13.4891 -1 37 44
-16.9717 14.1891 -1 37 45
-16.9717 14.8891 -1 37 46
-16.9717 15.5891 -1 37 47
-16.9717 16.2891 -1 37 48
-16.9717 16.9891 -1 37 49
-16.9717 17.6891 -1 37 50
-16.9717 18.3891 -1 37 51
-16.9717 19.0891 -1 37 52
-16.9717 19.7891 -1 37 53
-16.9717 20.4891 -1 37 54
-16.9717 21.1891 -1 37 55
-16.9717 21.8891 -1 37 56
-16.9717 22.5891 -1 37 57
-16.9717 23.2891 -1 37 58
-16.9717 23.9891 -1 37 59
-16.9717 24.6891 -1 37 60
-17.6717 -17.3109 -1 38 0
-17.6717 -16.6109 -1 38 1
-17.6717 -15.9109 -1 38 2
-17.6717 -15.2109 -1 38 3
-17.6717 -14.5109 -1 38 4
-17.6717 -13.8109 -1 38 5
-17.6717 -13.1109 -1 38 6
-17.6717 -12.4109 -1 38 7
-17.6717 -11.7109 -1 38 8
-17.6717 -11.0109 -1 38 9
-17.6717 -10.3109 -1 38 10
-17.6717 -9.61086 -1 38 11
-17.6717 -8.91086 -1 38 12
-17.6717 -8.21086 -1 38 13
-17.6717 -7.51086 -1 38 14
-17.6717 -6.81086 -1 38 15
-17.6717 -6.11086 -1 38 16
-17.6717 -5.41086 -1 38 17
-17.6717 -4.71086 -1 38 18
-17.6717 -4.01086 -1 38 19
-17.6717 -3.31086 -1 38 20
-17.6717 -2.61086 -1 38 21
-17.6717 -1.91086 -1 38 22
-17.6717 -1.21086 -1 38 23
-17.6717 -0.510863 -1 38 24
-17.6717 0.189137 -1 38 25
-17.6717 0.889137 -1 38 26
-17.6717 1.58914 -1 38 27
-17.6717 2.28914 -1 38 28
-17.6717 2.98914 -1 38 29
-17.6717 3.68914 -1 38 30
-17.6717 4.38914 -1 38 31
-17.6717 5.08914 -1 38 32
-17.6717 5.78914 -1 38 33
-17.6717 6.48914 -1 38 34
-17.6717 7.18914 -1 38 35
-17.6717 7.88914 -1 38 36
-17.6717 8.58914 -1 38 37
-17.6717 9.28914 -1 38 38
-17.6717 9.98914 -1 38 39
-17.6717 10.6891 -1 38 40
-17.6717 11.3891 -1 38 41
-17.6717 12.0891 -1 38 42
-17.6717 12.7891 -1 38 43
-17.6717 13.4891 -1 38 44
-17.6717 14.1891 -1 38 45
-17.6717 14.8891 -1 38 46
-17.6717 15.5891 -1 38 47
-17.6717 16.2891 -1 38 48
-17.6717 16.9891 -1 38 49
-17.6717 17.6891 -1 38 50
-17.6717 18.3891 -1 38 51
-17.6717 19.0891 -1 38 52
-17.6717 19.7891 -1 38 53
-17.6717 20.4891 -1 38 54
-17.6717 21.1891 -1 38 55
-17.6717 21.8891 -1 38 56
-17.6717 22.5891 -1 38 57
-17.6717 23.2891 -1 38 58
-17.6717 23.9891 -1 38 59
