-0.12950891 5.3652391 -0.71678212 7.2307445 2.759836
-0.017743557 5.0868356 -0.71678212 7.2307445 2.759836
0.3724253 4.9201976 -0.71678212 7.2307445 2.759836
0.48419066 4.6417941 -0.71678212 7.2307445 2.759836
0.5959561 4.3633905 -0.71678212 7.2307445 2.759836
0.70772146 4.084987 -0.71678212 7.2307445 2.759836
0.42931796 3.9732217 -0.71678212 7.2307445 2.759836
0.54108332 3.6948182 -0.71678212 7.2307445 2.759836
0.65284877 3.4164145 -0.71678212 7.2307445 2.759836
0.76461404 3.1380113 -0.71678212 7.2307445 2.759836
