-2.1529152 6.448878 -0.3797941 4.6101172 -0.70847109
-1.9251079 6.6440801 -0.3797941 4.6101172 -0.70847109
-2.3481173 6.6766852 -0.3797941 4.6101172 -0.70847109
-2.12031 6.8718873 -0.3797941 4.6101172 -0.70847109
-2.3155122 7.0996947 -0.3797941 4.6101172 -0.70847109
-2.7385215 7.1322999 -0.3797941 4.6101172 -0.70847109
-2.5107142 7.327502 -0.3797941 4.6101172 -0.70847109
-3.5193298 8.043529 -0.3797941 4.6101172 -0.70847109
-4.104936 8.7269509 -0.3797941 4.6101172 -0.70847109
-4.3001379 8.954758 -0.3797941 4.6101172 -0.70847109
-4.0723306 9.1499601 -0.3797941 4.6101172 -0.70847109
-4.4953401 9.1825654 -0.3797941 4.6101172 -0.70847109
