-1.0336024 1.8783841 -0.028882433 1.5384756 -1.102675
-1.3013277 2.0137473 -0.028882433 1.5384756 -1.102675
-1.1659645 2.2814725 -0.028882433 1.5384756 -1.102675
-1.5690529 2.1491104 -0.028882433 1.5384756 -1.102675
-1.4336897 2.4168357 -0.028882433 1.5384756 -1.102675
-1.701415 2.5521989 -0.028882433 1.5384756 -1.102675
-1.9691403 2.687562 -0.028882433 1.5384756 -1.102675
-4.5140306 3.6381052 -0.028882433 1.5384756 -1.102675
-4.3786674 3.9058305 -0.028882433 1.5384756 -1.102675
-5.8526568 4.3149211 -0.028882433 1.5384756 -1.102675
-5.7172937 4.5826463 -0.028882433 1.5384756 -1.102675
