-6.6720702 15.618308 -4.7010381 13.554323 -0.81494888
-7.0961492 15.605772 -4.7010381 13.554323 -0.81494888
-6.8903775 15.824079 -4.7010381 13.554323 -0.81494888
-7.3144563 15.811544 -4.7010381 13.554323 -0.81494888
-7.1086847 16.029851 -4.7010381 13.554323 -0.81494888
-7.5327635 16.017316 -4.7010381 13.554323 -0.81494888
-7.3269918 16.235623 -4.7010381 13.554323 -0.81494888
-7.5452991 16.441395 -4.7010381 13.554323 -0.81494888
-8.4185276 17.264481 -4.7010381 13.554323 -0.81494888
-8.6368349 17.470253 -4.7010381 13.554323 -0.81494888
