2.0042937 7.5215195 0.67871161 6.5276221 0.83677499
2.0260815 7.9452238 0.67871161 6.5276221 0.83677499
2.2270398 7.7224778 0.67871161 6.5276221 0.83677499
2.2488275 8.146182 0.67871161 6.5276221 0.83677499
2.4497858 7.923436 0.67871161 6.5276221 0.83677499
2.4715735 8.3471402 0.67871161 6.5276221 0.83677499
2.6725317 8.1243942 0.67871161 6.5276221 0.83677499
2.9170656 8.7490568 0.67871161 6.5276221 0.83677499
3.1180238 8.5263108 0.67871161 6.5276221 0.83677499
4.0307956 9.7538481 0.67871161 6.5276221 0.83677499
