-8.0304292 15.960459 -4.673284 13.690089 -0.93914782
-7.8532863 16.202575 -4.673284 13.690089 -0.93914782
-8.0954027 16.379718 -4.673284 13.690089 -0.93914782
-9.241012 16.846173 -4.673284 13.690089 -0.93914782
-9.4831283 17.023316 -4.673284 13.690089 -0.93914782
-9.725245 17.200458 -4.673284 13.690089 -0.93914782
-9.5481022 17.442575 -4.673284 13.690089 -0.93914782
-10.209478 17.554744 -4.673284 13.690089 -0.93914782
-10.032335 17.796861 -4.673284 13.690089 -0.93914782
-10.274452 17.974003 -4.673284 13.690089 -0.93914782
