-2.5901623 10.970262 -4.4175597 13.162434 2.4992793
-2.8303759 10.790548 -4.4175597 13.162434 2.4992793
-2.4104474 10.730049 -4.4175597 13.162434 2.4992793
-2.650661 10.550334 -4.4175597 13.162434 2.4992793
-2.2307326 10.489835 -4.4175597 13.162434 2.4992793
-2.4709462 10.31012 -4.4175597 13.162434 2.4992793
-2.0510178 10.249621 -4.4175597 13.162434 2.4992793
-2.2912315 10.069907 -4.4175597 13.162434 2.4992793
-1.8713029 10.009408 -4.4175597 13.162434 2.4992793
-1.6915883 9.7691942 -4.4175597 13.162434 2.4992793
