-1.0979409 1.9467313 -0.36839226 1.7170385 -1.0683833
-1.3608678 2.0911938 -0.36839226 1.7170385 -1.0683833
-1.2164053 2.3541208 -0.36839226 1.7170385 -1.0683833
-1.6237948 2.2356564 -0.36839226 1.7170385 -1.0683833
-1.4793323 2.4985834 -0.36839226 1.7170385 -1.0683833
-1.7422592 2.6430459 -0.36839226 1.7170385 -1.0683833
-2.0051862 2.7875084 -0.36839226 1.7170385 -1.0683833
-4.5159912 3.8247442 -0.36839226 1.7170385 -1.0683833
-4.3715287 4.0876712 -0.36839226 1.7170385 -1.0683833
-5.830626 4.5470569 -0.36839226 1.7170385 -1.0683833
-5.6861634 4.8099838 -0.36839226 1.7170385 -1.0683833
-5.9490901 4.9544462 -0.36839226 1.7170385 -1.0683833
