-5.6092634 14.189031 -4.673284 13.690089 -0.93914782
-5.85138 14.366174 -4.673284 13.690089 -0.93914782
-8.2725455 16.137602 -4.673284 13.690089 -0.93914782
-8.5146622 16.314744 -4.673284 13.690089 -0.93914782
-8.8217524 16.911147 -4.673284 13.690089 -0.93914782
-9.241012 16.846173 -4.673284 13.690089 -0.93914782
-9.0638691 17.088289 -4.673284 13.690089 -0.93914782
-9.4831283 17.023316 -4.673284 13.690089 -0.93914782
-9.725245 17.200458 -4.673284 13.690089 -0.93914782
-9.5481022 17.442575 -4.673284 13.690089 -0.93914782
