-2.1783953 6.3354996 -0.43382727 4.4696265 -0.69305659
-1.9476063 6.527167 -0.43382727 4.4696265 -0.69305659
-2.3700627 6.5662886 -0.43382727 4.4696265 -0.69305659
-2.1392737 6.757956 -0.43382727 4.4696265 -0.69305659
-2.3309413 6.9887452 -0.43382727 4.4696265 -0.69305659
-2.7533978 7.0278667 -0.43382727 4.4696265 -0.69305659
-2.5226087 7.2195342 -0.43382727 4.4696265 -0.69305659
-3.5200677 7.9510229 -0.43382727 4.4696265 -0.69305659
-3.8642812 8.8350576 -0.43382727 4.4696265 -0.69305659
-4.2867375 8.8741789 -0.43382727 4.4696265 -0.69305659
-4.0559485 9.0658464 -0.43382727 4.4696265 -0.69305659
