-1.3393974 5.5056633 -0.30912443 4.2081512 -0.58043467
-2.1619787 6.7599999 -0.30912443 4.2081512 -0.58043467
-1.9111114 6.9245161 -0.30912443 4.2081512 -0.58043467
-2.0756276 7.1753834 -0.30912443 4.2081512 -0.58043467
-2.2401438 7.4262507 -0.30912443 4.2081512 -0.58043467
-2.4046601 7.6771181 -0.30912443 4.2081512 -0.58043467
-3.2272413 8.9314547 -0.30912443 4.2081512 -0.58043467
-3.3917574 9.1823218 -0.30912443 4.2081512 -0.58043467
-3.7207899 9.6840563 -0.30912443 4.2081512 -0.58043467
-4.1361735 9.7704075 -0.30912443 4.2081512 -0.58043467
-4.3006899 10.021275 -0.30912443 4.2081512 -0.58043467
