2.8047355 15.579502 1.1701597 15.309018 1.3161456
3.0950609 15.655074 1.1701597 15.309018 1.3161456
3.3098141 16.020972 1.1701597 15.309018 1.3161456
3.3853863 15.730647 1.1701597 15.309018 1.3161456
3.966037 15.881791 1.1701597 15.309018 1.3161456
5.6324174 16.62555 1.1701597 15.309018 1.3161456
5.7079896 16.335224 1.1701597 15.309018 1.3161456
5.9983147 16.410797 1.1701597 15.309018 1.3161456
6.2130681 16.776694 1.1701597 15.309018 1.3161456
6.2886403 16.486369 1.1701597 15.309018 1.3161456
6.5033937 16.852267 1.1701597 15.309018 1.3161456
6.5789659 16.561941 1.1701597 15.309018 1.3161456
6.7937188 16.927839 1.1701597 15.309018 1.3161456
6.869291 16.637513 1.1701597 15.309018 1.3161456
7.1596166 16.713086 1.1701597 15.309018 1.3161456
7.3743695 17.078983 1.1701597 15.309018 1.3161456
