-7.3690531 15.84829 -4.673284 13.690089 -0.93914782
-7.7883124 15.783316 -4.673284 13.690089 -0.93914782
-7.6111696 16.025433 -4.673284 13.690089 -0.93914782
-8.0304292 15.960459 -4.673284 13.690089 -0.93914782
-9.725245 17.200458 -4.673284 13.690089 -0.93914782
-9.9673613 17.377601 -4.673284 13.690089 -0.93914782
-10.209478 17.554744 -4.673284 13.690089 -0.93914782
-10.032335 17.796861 -4.673284 13.690089 -0.93914782
-10.274452 17.974003 -4.673284 13.690089 -0.93914782
-10.516568 18.151146 -4.673284 13.690089 -0.93914782
