-2.1579946 6.4503751 -0.38179505 4.6145878 -0.71014664
-1.9305148 6.6459586 -0.38179505 4.6145878 -0.71014664
-2.3535781 6.6778549 -0.38179505 4.6145878 -0.71014664
-2.1260982 6.8734384 -0.38179505 4.6145878 -0.71014664
-2.3216818 7.1009184 -0.38179505 4.6145878 -0.71014664
-2.7447452 7.1328148 -0.38179505 4.6145878 -0.71014664
-2.5172653 7.3283983 -0.38179505 4.6145878 -0.71014664
-2.9084324 7.7833582 -0.38179505 4.6145878 -0.71014664
-3.5270792 8.0427344 -0.38179505 4.6145878 -0.71014664
-4.1138297 8.7251741 -0.38179505 4.6145878 -0.71014664
-4.309413 8.9526538 -0.38179505 4.6145878 -0.71014664
-4.0819331 9.1482373 -0.38179505 4.6145878 -0.71014664
-4.5049966 9.1801338 -0.38179505 4.6145878 -0.71014664
