3.1465768 11.984278 1.8187195 11.698279 1.4693109
4.3404024 12.105852 1.8187195 11.698279 1.4693109
7.6234231 12.440179 1.8187195 11.698279 1.4693109
7.6538165 12.141723 1.8187195 11.698279 1.4693109
7.9218797 12.470572 1.8187195 11.698279 1.4693109
7.9522731 12.172116 1.8187195 11.698279 1.4693109
8.2203359 12.500966 1.8187195 11.698279 1.4693109
8.2507293 12.202509 1.8187195 11.698279 1.4693109
8.5187925 12.531359 1.8187195 11.698279 1.4693109
8.5491859 12.232903 1.8187195 11.698279 1.4693109
