-3.8567062 12.337745 -3.3271898 11.785828 -0.56729167
-4.0179112 12.590753 -3.3271898 11.785828 -0.56729167
-5.468756 14.867823 -3.3271898 11.785828 -0.56729167
-5.6299611 15.120831 -3.3271898 11.785828 -0.56729167
-5.5381581 15.535044 -3.3271898 11.785828 -0.56729167
-6.4359859 16.38587 -3.3271898 11.785828 -0.56729167
-6.5971908 16.638878 -3.3271898 11.785828 -0.56729167
-6.3441829 16.800083 -3.3271898 11.785828 -0.56729167
-6.7583959 16.891886 -3.3271898 11.785828 -0.56729167
-6.505388 17.053091 -3.3271898 11.785828 -0.56729167
-6.9196007 17.144894 -3.3271898 11.785828 -0.56729167
