-6.9297886 15.611122 -4.8171651 13.692314 -0.78085441
-6.7166949 15.822288 -4.8171651 13.692314 -0.78085441
-7.1409547 15.824216 -4.8171651 13.692314 -0.78085441
-6.927861 16.035382 -4.8171651 13.692314 -0.78085441
-7.3521206 16.037309 -4.8171651 13.692314 -0.78085441
-7.1390269 16.248475 -4.8171651 13.692314 -0.78085441
-7.3501928 16.461569 -4.8171651 13.692314 -0.78085441
-7.7725247 16.887756 -4.8171651 13.692314 -0.78085441
-7.9836908 17.10085 -4.8171651 13.692314 -0.78085441
-8.4060227 17.527038 -4.8171651 13.692314 -0.78085441
