-1.256684 5.192571 -0.50263714 4.4466398 -0.64891162
-1.4379799 5.4315936 -0.50263714 4.4466398 -0.64891162
-2.3444593 6.6267065 -0.50263714 4.4466398 -0.64891162
-2.1054366 6.8080024 -0.50263714 4.4466398 -0.64891162
-2.5257552 6.8657293 -0.50263714 4.4466398 -0.64891162
-4.0996914 9.4372512 -0.50263714 4.4466398 -0.64891162
-4.5200098 9.4949777 -0.50263714 4.4466398 -0.64891162
-4.2809872 9.6762736 -0.50263714 4.4466398 -0.64891162
-4.7013058 9.7340004 -0.50263714 4.4466398 -0.64891162
-4.4622831 9.9152963 -0.50263714 4.4466398 -0.64891162
-4.8826018 9.9730232 -0.50263714 4.4466398 -0.64891162
