-0.12331287 5.307835 -0.68745083 7.1804664 2.7722138
-0.015002009 5.0280695 -0.68745083 7.1804664 2.7722138
0.3730744 4.8566149 -0.68745083 7.1804664 2.7722138
0.48138526 4.5768494 -0.68745083 7.1804664 2.7722138
0.58969621 4.2970837 -0.68745083 7.1804664 2.7722138
0.69800707 4.0173182 -0.68745083 7.1804664 2.7722138
0.41824153 3.9090073 -0.68745083 7.1804664 2.7722138
0.52655239 3.6292418 -0.68745083 7.1804664 2.7722138
0.63486334 3.3494761 -0.68745083 7.1804664 2.7722138
0.74317411 3.0697108 -0.68745083 7.1804664 2.7722138
