-2.2597418 6.4002573 -0.50661557 4.542423 -0.69765317
-2.0298362 6.5929836 -0.50661557 4.542423 -0.69765317
-2.452468 6.6301629 -0.50661557 4.542423 -0.69765317
-2.2225624 6.8228891 -0.50661557 4.542423 -0.69765317
-2.4152888 7.0527949 -0.50661557 4.542423 -0.69765317
-2.6080151 7.2827004 -0.50661557 4.542423 -0.69765317
-3.6088259 8.0095965 -0.50661557 4.542423 -0.69765317
-3.7643728 8.6621339 -0.50661557 4.542423 -0.69765317
-4.1870048 8.6993133 -0.50661557 4.542423 -0.69765317
-3.9570992 8.8920396 -0.50661557 4.542423 -0.69765317
-4.1498253 9.121945 -0.50661557 4.542423 -0.69765317
