-1.4058748 10.672797 -1.0921684 8.4397301 -0.073000771
-1.4277556 10.971998 -1.0921684 8.4397301 -0.073000771
-1.4496363 11.271199 -1.0921684 8.4397301 -0.073000771
-1.1941969 11.891482 -1.0921684 8.4397301 -0.073000771
-1.2160777 12.190683 -1.0921684 8.4397301 -0.073000771
-1.2379585 12.489884 -1.0921684 8.4397301 -0.073000771
-1.2817201 13.088286 -1.0921684 8.4397301 -0.073000771
-1.6684442 14.263209 -1.0921684 8.4397301 -0.073000771
-1.3692432 14.28509 -1.0921684 8.4397301 -0.073000771
-1.690325 14.56241 -1.0921684 8.4397301 -0.073000771
-1.7122058 14.861611 -1.0921684 8.4397301 -0.073000771
-1.4130048 14.883492 -1.0921684 8.4397301 -0.073000771
-1.7778481 15.759214 -1.0921684 8.4397301 -0.073000771
