2.725747 15.086821 0.88762833 14.418749 1.2989582
3.0147306 15.167372 0.88762833 14.418749 1.2989582
5.4071511 15.522794 0.88762833 14.418749 1.2989582
5.6155837 15.892329 0.88762833 14.418749 1.2989582
5.9045676 15.97288 0.88762833 14.418749 1.2989582
6.1935515 16.05343 0.88762833 14.418749 1.2989582
6.4825349 16.133981 0.88762833 14.418749 1.2989582
6.5630856 15.844997 0.88762833 14.418749 1.2989582
6.7715188 16.214532 0.88762833 14.418749 1.2989582
6.8520695 15.925548 0.88762833 14.418749 1.2989582
7.0605022 16.295083 0.88762833 14.418749 1.2989582
7.1410529 16.006099 0.88762833 14.418749 1.2989582
7.3494861 16.375633 0.88762833 14.418749 1.2989582
7.4300368 16.08665 0.88762833 14.418749 1.2989582
