-1.4487094 10.578478 -1.069448 8.0523821 -0.090268498
-1.4757532 10.877257 -1.069448 8.0523821 -0.090268498
-1.502797 11.176035 -1.069448 8.0523821 -0.090268498
-1.2851498 12.099415 -1.069448 8.0523821 -0.090268498
-1.3933249 13.294529 -1.069448 8.0523821 -0.090268498
-1.4744563 14.190865 -1.069448 8.0523821 -0.090268498
-1.8002787 14.462599 -1.069448 8.0523821 -0.090268498
-1.5015001 14.489643 -1.069448 8.0523821 -0.090268498
-1.5285439 14.788422 -1.069448 8.0523821 -0.090268498
-1.5555877 15.087201 -1.069448 8.0523821 -0.090268498
