0.0056209186 5.6285717 -0.80472641 8.3650542 2.9062756
-0.28611123 5.5586263 -0.80472641 8.3650542 2.9062756
0.075566361 5.3368393 -0.80472641 8.3650542 2.9062756
-0.21616579 5.2668939 -0.80472641 8.3650542 2.9062756
0.56518412 3.2947145 -0.80472641 8.3650542 2.9062756
0.63512956 3.0029821 -0.80472641 8.3650542 2.9062756
0.70507489 2.7112503 -0.80472641 8.3650542 2.9062756
0.77502034 2.4195179 -0.80472641 8.3650542 2.9062756
0.84496567 2.1277861 -0.80472641 8.3650542 2.9062756
0.91491111 1.8360538 -0.80472641 8.3650542 2.9062756
