-1.026995 1.8751623 -0.29074507 1.667952 -1.0990572
-1.2942287 2.0114931 -0.29074507 1.667952 -1.0990572
-1.1578979 2.2787269 -0.29074507 1.667952 -1.0990572
-1.5614626 2.147824 -0.29074507 1.667952 -1.0990572
-1.4251317 2.4150578 -0.29074507 1.667952 -1.0990572
-1.6923655 2.5513886 -0.29074507 1.667952 -1.0990572
-1.9595993 2.6877195 -0.29074507 1.667952 -1.0990572
-4.5010343 3.6474634 -0.29074507 1.667952 -1.0990572
-4.3647034 3.9146972 -0.29074507 1.667952 -1.0990572
-5.8372032 4.3291177 -0.29074507 1.667952 -1.0990572
-5.7008724 4.5963515 -0.29074507 1.667952 -1.0990572
-5.9681059 4.7326822 -0.29074507 1.667952 -1.0990572
