-3.8056055 2.5434561 0.083043791 -0.010640125 -0.95740311
-4.0509151 2.7161496 0.083043791 -0.010640125 -0.95740311
-3.8782215 2.9614594 0.083043791 -0.010640125 -0.95740311
-4.2962251 2.8888433 0.083043791 -0.010640125 -0.95740311
-4.1235315 3.1341531 0.083043791 -0.010640125 -0.95740311
-4.5415351 3.061537 0.083043791 -0.010640125 -0.95740311
-4.7868447 3.2342305 0.083043791 -0.010640125 -0.95740311
-4.614151 3.4795403 0.083043791 -0.010640125 -0.95740311
-5.0321547 3.4069242 0.083043791 -0.010640125 -0.95740311
-5.2774643 3.5796177 0.083043791 -0.010640125 -0.95740311
-5.1047706 3.8249275 0.083043791 -0.010640125 -0.95740311
-5.5227742 3.7523114 0.083043791 -0.010640125 -0.95740311
-5.3500806 3.9976212 0.083043791 -0.010640125 -0.95740311
-5.7680842 3.9250051 0.083043791 -0.010640125 -0.95740311
-6.0133938 4.0976986 0.083043791 -0.010640125 -0.95740311
-5.8407002 4.3430084 0.083043791 -0.010640125 -0.95740311
