-1.3318405 9.6159701 -1.0833702 8.2805815 -0.073305002
-1.3538124 9.9151643 -1.0833702 8.2805815 -0.073305002
-1.4197278 10.812747 -1.0833702 8.2805815 -0.073305002
-1.4416996 11.111942 -1.0833702 8.2805815 -0.073305002
-1.1864489 11.732302 -1.0833702 8.2805815 -0.073305002
-1.2084207 12.031496 -1.0833702 8.2805815 -0.073305002
-1.2303925 12.330691 -1.0833702 8.2805815 -0.073305002
-1.2963079 13.228273 -1.0833702 8.2805815 -0.073305002
-1.6833895 14.403079 -1.0833702 8.2805815 -0.073305002
-1.3841952 14.425051 -1.0833702 8.2805815 -0.073305002
-1.7053613 14.702273 -1.0833702 8.2805815 -0.073305002
-1.406167 14.724245 -1.0833702 8.2805815 -0.073305002
-1.4281388 15.02344 -1.0833702 8.2805815 -0.073305002
-1.4720824 15.621828 -1.0833702 8.2805815 -0.073305002
