-7.6791513 13.516999 -4.8289286 13.662704 -1.5692896
-7.9791512 13.517451 -4.8289286 13.662704 -1.5692896
-8.2791508 13.517903 -4.8289286 13.662704 -1.5692896
-8.2786987 13.817902 -4.8289286 13.662704 -1.5692896
-8.5791504 13.518355 -4.8289286 13.662704 -1.5692896
-8.5786983 13.818355 -4.8289286 13.662704 -1.5692896
-8.8791502 13.518807 -4.8289286 13.662704 -1.5692896
-8.8786982 13.818807 -4.8289286 13.662704 -1.5692896
-9.1791496 13.519259 -4.8289286 13.662704 -1.5692896
-9.1786976 13.819259 -4.8289286 13.662704 -1.5692896
-9.4791494 13.519711 -4.8289286 13.662704 -1.5692896
-10.679148 13.521519 -4.8289286 13.662704 -1.5692896
-11.278695 13.822423 -4.8289286 13.662704 -1.5692896
-11.578695 13.822875 -4.8289286 13.662704 -1.5692896
-11.878695 13.823327 -4.8289286 13.662704 -1.5692896
-12.178694 13.823779 -4.8289286 13.662704 -1.5692896
