-5.4177766 13.18515 -4.8112893 13.651169 -2.4233587
-5.6151933 12.95926 -4.8112893 13.651169 -2.4233587
-6.4048605 12.055697 -4.8112893 13.651169 -2.4233587
-6.3763865 11.632389 -4.8112893 13.651169 -2.4233587
-6.6022772 11.829806 -4.8112893 13.651169 -2.4233587
-6.799694 11.603915 -4.8112893 13.651169 -2.4233587
-6.7712202 11.180608 -4.8112893 13.651169 -2.4233587
-6.9971109 11.378025 -4.8112893 13.651169 -2.4233587
-6.9686369 10.954717 -4.8112893 13.651169 -2.4233587
-7.1945277 11.152134 -4.8112893 13.651169 -2.4233587
