-0.2319486 6.3934104 -0.68833163 3.5761929 0.10801952
-0.19960571 6.691662 -0.68833163 3.5761929 0.10801952
-0.46551432 7.0222563 -0.68833163 3.5761929 0.10801952
-0.16726284 6.9899134 -0.68833163 3.5761929 0.10801952
0.091480131 9.375925 -0.68833163 3.5761929 0.10801952
-0.17442846 9.7065196 -0.68833163 3.5761929 0.10801952
0.12382302 9.6741767 -0.68833163 3.5761929 0.10801952
-0.14208561 10.004771 -0.68833163 3.5761929 0.10801952
0.15616587 9.9724279 -0.68833163 3.5761929 0.10801952
0.18850876 10.27068 -0.68833163 3.5761929 0.10801952
-0.077399825 10.601274 -0.68833163 3.5761929 0.10801952
0.22085166 10.568931 -0.68833163 3.5761929 0.10801952
-0.045056982 10.899525 -0.68833163 3.5761929 0.10801952
