2.5383691 15.217851 1.0093812 14.579732 1.0847655
2.8036273 15.357987 1.0093812 14.579732 1.0847655
3.0688855 15.498123 1.0093812 14.579732 1.0847655
3.1940075 15.903518 1.0093812 14.579732 1.0847655
3.3341436 15.638259 1.0093812 14.579732 1.0847655
5.4562088 16.759348 1.0093812 14.579732 1.0847655
6.1118473 17.445014 1.0093812 14.579732 1.0847655
6.2519833 17.179756 1.0093812 14.579732 1.0847655
6.3771056 17.58515 1.0093812 14.579732 1.0847655
6.5172417 17.319892 1.0093812 14.579732 1.0847655
6.6423635 17.725286 1.0093812 14.579732 1.0847655
6.7824996 17.460028 1.0093812 14.579732 1.0847655
6.9076219 17.865422 1.0093812 14.579732 1.0847655
7.3130162 17.7403 1.0093812 14.579732 1.0847655
