2.61999 16.475994 1.5113076 15.69125 0.84418612
2.6449172 16.899525 1.5113076 15.69125 0.84418612
2.8442191 16.675296 1.5113076 15.69125 0.84418612
3.0684484 16.874598 1.5113076 15.69125 0.84418612
3.0933756 17.298129 1.5113076 15.69125 0.84418612
3.3176047 17.497431 1.5113076 15.69125 0.84418612
3.5418339 17.696733 1.5113076 15.69125 0.84418612
6.0083553 19.889055 1.5113076 15.69125 0.84418612
6.2076572 19.664825 1.5113076 15.69125 0.84418612
6.2325842 20.088356 1.5113076 15.69125 0.84418612
6.4318862 19.864127 1.5113076 15.69125 0.84418612
