-8.0954027 16.379718 -4.673284 13.690089 -0.93914782
-8.3375194 16.556861 -4.673284 13.690089 -0.93914782
-8.5796357 16.734004 -4.673284 13.690089 -0.93914782
-8.8217524 16.911147 -4.673284 13.690089 -0.93914782
-9.241012 16.846173 -4.673284 13.690089 -0.93914782
-9.0638691 17.088289 -4.673284 13.690089 -0.93914782
-9.4831283 17.023316 -4.673284 13.690089 -0.93914782
-9.725245 17.200458 -4.673284 13.690089 -0.93914782
-9.9673613 17.377601 -4.673284 13.690089 -0.93914782
-10.209478 17.554744 -4.673284 13.690089 -0.93914782
-10.451595 17.731887 -4.673284 13.690089 -0.93914782
