3.1498069 11.981783 1.8221744 11.694742 1.4685263
4.0757319 11.775233 1.8221744 11.694742 1.4685263
4.3435368 12.104293 1.8221744 11.694742 1.4685263
7.6262941 12.441196 1.8221744 11.694742 1.4685263
7.6569217 12.142763 1.8221744 11.694742 1.4685263
7.9247268 12.471824 1.8221744 11.694742 1.4685263
7.9553544 12.173391 1.8221744 11.694742 1.4685263
8.223159 12.502451 1.8221744 11.694742 1.4685263
8.2537866 12.204019 1.8221744 11.694742 1.4685263
8.5215917 12.533079 1.8221744 11.694742 1.4685263
8.5522193 12.234646 1.8221744 11.694742 1.4685263
