-1.2622621 2.0007259 0.0050074255 1.511821 -1.091939
-1.1240325 2.2669825 0.0050074255 1.511821 -1.091939
-1.5285187 2.1389554 0.0050074255 1.511821 -1.091939
-1.3902891 2.4052121 0.0050074255 1.511821 -1.091939
-1.7947754 2.2771851 0.0050074255 1.511821 -1.091939
-1.6565458 2.5434417 0.0050074255 1.511821 -1.091939
-1.9228023 2.6816712 0.0050074255 1.511821 -1.091939
-4.4573412 3.6594808 0.0050074255 1.511821 -1.091939
-4.3191116 3.9257374 0.0050074255 1.511821 -1.091939
-4.5853684 4.0639671 0.0050074255 1.511821 -1.091939
-5.7886243 4.3506288 0.0050074255 1.511821 -1.091939
-5.6503947 4.6168854 0.0050074255 1.511821 -1.091939
-5.9166515 4.7551151 0.0050074255 1.511821 -1.091939
