0.37517793 9.494677 -0.73118778 6.2234455 0.3695847
0.87165815 9.9457951 -0.73118778 6.2234455 0.3695847
0.9800265 10.225538 -0.73118778 6.2234455 0.3695847
1.088395 10.505281 -0.73118778 6.2234455 0.3695847
1.1967634 10.785024 -0.73118778 6.2234455 0.3695847
1.0253887 11.173136 -0.73118778 6.2234455 0.3695847
1.3051319 11.064768 -0.73118778 6.2234455 0.3695847
1.5218688 11.624254 -0.73118778 6.2234455 0.3695847
1.567231 12.571852 -0.73118778 6.2234455 0.3695847
1.8469742 12.463484 -0.73118778 6.2234455 0.3695847
