-2.214391 6.3745507 -0.66016924 4.7407225 -0.69386492
-1.983757 6.5664047 -0.66016924 4.7407225 -0.69386492
-2.406245 6.6051847 -0.66016924 4.7407225 -0.69386492
-2.1756109 6.7970387 -0.66016924 4.7407225 -0.69386492
-2.3674649 7.0276727 -0.66016924 4.7407225 -0.69386492
-2.5593189 7.2583069 -0.66016924 4.7407225 -0.69386492
-3.5573687 7.9889889 -0.66016924 4.7407225 -0.69386492
-3.7104426 8.6421108 -0.66016924 4.7407225 -0.69386492
-4.1329307 8.680891 -0.66016924 4.7407225 -0.69386492
-3.9022967 8.872745 -0.66016924 4.7407225 -0.69386492
-4.3247848 8.9115252 -0.66016924 4.7407225 -0.69386492
-4.0941507 9.1033792 -0.66016924 4.7407225 -0.69386492
