-2.1777439 6.3361084 -0.43382727 4.4696265 -0.69270754
-1.946888 6.5276953 -0.43382727 4.4696265 -0.69270754
-2.3693308 6.5669643 -0.43382727 4.4696265 -0.69270754
-2.1384749 6.7585512 -0.43382727 4.4696265 -0.69270754
-2.3300619 6.9894073 -0.43382727 4.4696265 -0.69270754
-2.7525047 7.0286762 -0.43382727 4.4696265 -0.69270754
-2.5216488 7.2202631 -0.43382727 4.4696265 -0.69270754
-3.5188524 7.9520999 -0.43382727 4.4696265 -0.69270754
-3.8627572 8.8362547 -0.43382727 4.4696265 -0.69270754
-4.2851999 8.8755235 -0.43382727 4.4696265 -0.69270754
-4.054344 9.0671104 -0.43382727 4.4696265 -0.69270754
