1.8576086 14.796062 0.85814828 14.440986 1.3713334
2.1516606 14.855505 0.85814828 14.440986 1.3713334
2.7397645 14.97439 0.85814828 14.440986 1.3713334
2.7992074 14.680338 0.85814828 14.440986 1.3713334
3.0338164 15.033833 0.85814828 14.440986 1.3713334
5.386232 15.509376 0.85814828 14.440986 1.3713334
6.5624396 15.747148 0.85814828 14.440986 1.3713334
6.8564917 15.806591 0.85814828 14.440986 1.3713334
6.9159346 15.512539 0.85814828 14.440986 1.3713334
7.1505434 15.866033 0.85814828 14.440986 1.3713334
7.2099863 15.571981 0.85814828 14.440986 1.3713334
7.4445955 15.925476 0.85814828 14.440986 1.3713334
7.5040384 15.631424 0.85814828 14.440986 1.3713334
7.7980905 15.690867 0.85814828 14.440986 1.3713334
