2.5167016 15.993022 1.2929803 15.403525 1.2325328
3.082701 16.192132 1.2929803 15.403525 1.2325328
3.1822558 15.909132 1.2929803 15.403525 1.2325328
5.3466984 16.98857 1.2929803 15.403525 1.2325328
5.4462533 16.705571 1.2929803 15.403525 1.2325328
6.1956976 17.287235 1.2929803 15.403525 1.2325328
6.2952525 17.004235 1.2929803 15.403525 1.2325328
6.4786975 17.38679 1.2929803 15.403525 1.2325328
6.5782523 17.10379 1.2929803 15.403525 1.2325328
6.7616969 17.486345 1.2929803 15.403525 1.2325328
6.8612518 17.203345 1.2929803 15.403525 1.2325328
7.3276962 17.685455 1.2929803 15.403525 1.2325328
7.4272511 17.402455 1.2929803 15.403525 1.2325328
