0.97214073 0.35862462 0.28875862 0.015129515 0.90764347
1.2085573 0.54330595 0.28875862 0.015129515 0.90764347
1.2602925 0.96440394 0.28875862 0.015129515 0.90764347
1.4449739 0.72798736 0.28875862 0.015129515 0.90764347
1.6813904 0.91266868 0.28875862 0.015129515 0.90764347
3.0998899 2.0207569 0.28875862 0.015129515 0.90764347
3.1516251 2.4418548 0.28875862 0.015129515 0.90764347
3.3880418 2.6265363 0.28875862 0.015129515 0.90764347
4.3337079 3.3652616 0.28875862 0.015129515 0.90764347
5.2793741 4.1039869 0.28875862 0.015129515 0.90764347
5.9886239 4.658031 0.28875862 0.015129515 0.90764347
