2.2060547 12.604514 1.0863371 11.835597 1.0797058
2.4706004 12.74599 1.0863371 11.835597 1.0797058
2.6120768 12.481445 1.0863371 11.835597 1.0797058
2.8766226 12.622921 1.0863371 11.835597 1.0797058
2.9996919 13.028943 1.0863371 11.835597 1.0797058
3.1411683 12.764397 1.0863371 11.835597 1.0797058
3.2642376 13.170419 1.0863371 11.835597 1.0797058
3.5287833 13.311896 1.0863371 11.835597 1.0797058
6.7033319 15.009612 1.0863371 11.835597 1.0797058
6.8448083 14.745066 1.0863371 11.835597 1.0797058
6.9678778 15.151088 1.0863371 11.835597 1.0797058
7.1093542 14.886542 1.0863371 11.835597 1.0797058
7.3739001 15.028019 1.0863371 11.835597 1.0797058
