-7.3040794 15.42903 -4.673284 13.690089 -0.93914782
-7.5461959 15.606173 -4.673284 13.690089 -0.93914782
-7.3690531 15.84829 -4.673284 13.690089 -0.93914782
-7.7883124 15.783316 -4.673284 13.690089 -0.93914782
-7.8532863 16.202575 -4.673284 13.690089 -0.93914782
-8.0954027 16.379718 -4.673284 13.690089 -0.93914782
-10.209478 17.554744 -4.673284 13.690089 -0.93914782
-10.451595 17.731887 -4.673284 13.690089 -0.93914782
-10.693711 17.90903 -4.673284 13.690089 -0.93914782
-10.516568 18.151146 -4.673284 13.690089 -0.93914782
