-1.916366 6.5564233 -0.95939092 5.2039446 -0.5251294
-1.6567883 6.7068208 -0.95939092 5.2039446 -0.5251294
-2.0667635 6.8160011 -0.95939092 5.2039446 -0.5251294
-1.8071858 6.9663985 -0.95939092 5.2039446 -0.5251294
-2.217161 7.0755787 -0.95939092 5.2039446 -0.5251294
-1.9575833 7.2259762 -0.95939092 5.2039446 -0.5251294
-2.3675585 7.3351564 -0.95939092 5.2039446 -0.5251294
-2.1079807 7.4855539 -0.95939092 5.2039446 -0.5251294
-2.5179559 7.5947341 -0.95939092 5.2039446 -0.5251294
-2.6683535 7.854312 -0.95939092 5.2039446 -0.5251294
-2.818751 8.1138897 -0.95939092 5.2039446 -0.5251294
-3.5707383 9.4117781 -0.95939092 5.2039446 -0.5251294
