-1.3979653 10.589188 -1.086563 8.3557988 -0.071969078
-1.4195374 10.888412 -1.086563 8.3557988 -0.071969078
-1.4411095 11.187635 -1.086563 8.3557988 -0.071969078
-1.1850303 11.807654 -1.086563 8.3557988 -0.071969078
-1.2066024 12.106877 -1.086563 8.3557988 -0.071969078
-1.2281745 12.406101 -1.086563 8.3557988 -0.071969078
-1.2713187 13.004548 -1.086563 8.3557988 -0.071969078
-1.6784025 14.479093 -1.086563 8.3557988 -0.071969078
-1.3791791 14.500665 -1.086563 8.3557988 -0.071969078
-1.6999746 14.778316 -1.086563 8.3557988 -0.071969078
-1.4007512 14.799888 -1.086563 8.3557988 -0.071969078
