0.45925534 0.75675413 0.26575833 0.016781893 0.058369749
0.47675632 1.0562432 0.26575833 0.016781893 0.058369749
0.59926321 3.152667 0.26575833 0.016781893 0.058369749
0.61676419 3.452156 0.26575833 0.016781893 0.058369749
0.63426517 3.751645 0.26575833 0.016781893 0.058369749
0.65176616 4.0511343 0.26575833 0.016781893 0.058369749
0.66926713 4.3506231 0.26575833 0.016781893 0.058369749
0.68676812 4.6501124 0.26575833 0.016781893 0.058369749
0.40477999 4.9671022 0.26575833 0.016781893 0.058369749
0.70426909 4.9496012 0.26575833 0.016781893 0.058369749
0.42228098 5.2665915 0.26575833 0.016781893 0.058369749
0.43978197 5.5660808 0.26575833 0.016781893 0.058369749
0.45728294 5.8655696 0.26575833 0.016781893 0.058369749
0.47478393 6.1650588 0.26575833 0.016781893 0.058369749
0.5097859 6.7640369 0.26575833 0.016781893 0.058369749
0.52728689 7.0635262 0.26575833 0.016781893 0.058369749
