2.4403028 11.673097 1.4456302 10.748096 0.71101849
2.4087752 12.096188 1.4456302 10.748096 0.71101849
2.6360845 11.900406 1.4456302 10.748096 0.71101849
2.604557 12.323497 1.4456302 10.748096 0.71101849
2.8318663 12.127715 1.4456302 10.748096 0.71101849
2.8003387 12.550806 1.4456302 10.748096 0.71101849
3.2234297 12.582334 1.4456302 10.748096 0.71101849
5.5728107 15.310045 1.4456302 10.748096 0.71101849
5.7685923 15.537354 1.4456302 10.748096 0.71101849
5.7370649 15.960446 1.4456302 10.748096 0.71101849
5.9643742 15.764664 1.4456302 10.748096 0.71101849
5.9328468 16.187755 1.4456302 10.748096 0.71101849
6.160156 15.991973 1.4456302 10.748096 0.71101849
