-1.2552056 2.008628 0.012568547 1.521033 -1.0929724
-1.1172512 2.2750273 0.012568547 1.521033 -1.0929724
-1.5216048 2.1465823 0.012568547 1.521033 -1.0929724
-1.3836504 2.4129817 0.012568547 1.521033 -1.0929724
-1.7880042 2.2845367 0.012568547 1.521033 -1.0929724
-1.6500498 2.5509361 0.012568547 1.521033 -1.0929724
-1.9164491 2.6888904 0.012568547 1.521033 -1.0929724
-4.4519971 3.6640803 0.012568547 1.521033 -1.0929724
-4.3140427 3.9304796 0.012568547 1.521033 -1.0929724
-4.5804422 4.0684341 0.012568547 1.521033 -1.0929724
-5.7839936 4.3538522 0.012568547 1.521033 -1.0929724
-5.6460392 4.6202515 0.012568547 1.521033 -1.0929724
-5.9124387 4.758206 0.012568547 1.521033 -1.0929724
