-0.97684957 1.8284091 -0.23642863 1.6366362 -1.1199648
-1.2468751 1.9591233 -0.23642863 1.6366362 -1.1199648
-1.1161608 2.2291488 -0.23642863 1.6366362 -1.1199648
-1.5169006 2.0898376 -0.23642863 1.6366362 -1.1199648
-1.3861864 2.3598631 -0.23642863 1.6366362 -1.1199648
-1.7869261 2.2205518 -0.23642863 1.6366362 -1.1199648
-1.6562119 2.4905773 -0.23642863 1.6366362 -1.1199648
-1.9262375 2.6212916 -0.23642863 1.6366362 -1.1199648
-2.196263 2.7520058 -0.23642863 1.6366362 -1.1199648
-4.3564673 3.7977199 -0.23642863 1.6366362 -1.1199648
-5.7065949 4.4512911 -0.23642863 1.6366362 -1.1199648
-5.9766202 4.5820052 -0.23642863 1.6366362 -1.1199648
