-6.3164016 15.173579 -3.5540083 13.101338 -0.97064275
-6.733407 15.095435 -3.5540083 13.101338 -0.97064275
-6.5639762 15.34301 -3.5540083 13.101338 -0.97064275
-6.9809818 15.264866 -3.5540083 13.101338 -0.97064275
-6.811551 15.51244 -3.5540083 13.101338 -0.97064275
-7.2285562 15.434296 -3.5540083 13.101338 -0.97064275
-7.0591255 15.681871 -3.5540083 13.101338 -0.97064275
-7.3067003 15.851302 -3.5540083 13.101338 -0.97064275
-8.2969988 16.529025 -3.5540083 13.101338 -0.97064275
-8.5445736 16.698456 -3.5540083 13.101338 -0.97064275
-8.792148 16.867886 -3.5540083 13.101338 -0.97064275
-9.0397229 17.037317 -3.5540083 13.101338 -0.97064275
