2.7792582 15.309318 0.98714525 14.526163 1.0820331
2.9032722 15.715052 0.98714525 14.526163 1.0820331
3.0441325 15.450178 0.98714525 14.526163 1.0820331
3.1681464 15.855913 0.98714525 14.526163 1.0820331
3.4330206 15.996773 0.98714525 14.526163 1.0820331
5.4280008 16.71792 0.98714525 14.526163 1.0820331
5.6928752 16.858781 0.98714525 14.526163 1.0820331
6.3466378 17.546236 0.98714525 14.526163 1.0820331
6.4874981 17.281362 0.98714525 14.526163 1.0820331
6.6115119 17.687096 0.98714525 14.526163 1.0820331
6.7523721 17.422222 0.98714525 14.526163 1.0820331
6.8763863 17.827957 0.98714525 14.526163 1.0820331
7.282121 17.703943 0.98714525 14.526163 1.0820331
