-1.3574211 10.687776 -1.0832138 8.4495155 -0.055333496
-1.3740126 10.987317 -1.0832138 8.4495155 -0.055333496
-1.3906042 11.286858 -1.0832138 8.4495155 -0.055333496
-1.1242465 11.902531 -1.0832138 8.4495155 -0.055333496
-1.1408381 12.202072 -1.0832138 8.4495155 -0.055333496
-1.1574297 12.501613 -1.0832138 8.4495155 -0.055333496
-1.1906128 13.100695 -1.0832138 8.4495155 -0.055333496
-1.55652 14.282266 -1.0832138 8.4495155 -0.055333496
-1.2569791 14.298858 -1.0832138 8.4495155 -0.055333496
-1.5731116 14.581807 -1.0832138 8.4495155 -0.055333496
-1.2735707 14.598399 -1.0832138 8.4495155 -0.055333496
-1.5897032 14.881348 -1.0832138 8.4495155 -0.055333496
-1.6394779 15.77997 -1.0832138 8.4495155 -0.055333496
-1.339937 15.796562 -1.0832138 8.4495155 -0.055333496
