3.7226177 24.681621 1.1685693 24.638763 1.6127734
4.0223534 24.669032 1.1685693 24.638763 1.6127734
4.3220893 24.656442 1.1685693 24.638763 1.6127734
6.7199752 24.555727 1.1685693 24.638763 1.6127734
6.7073858 24.255991 1.1685693 24.638763 1.6127734
7.0197106 24.543138 1.1685693 24.638763 1.6127734
7.0071212 24.243402 1.1685693 24.638763 1.6127734
7.6065926 24.218223 1.1685693 24.638763 1.6127734
7.9189179 24.505369 1.1685693 24.638763 1.6127734
7.9063285 24.205634 1.1685693 24.638763 1.6127734
