2.7074569 16.160136 1.2513723 14.854449 0.76302953
2.6979674 16.584294 1.2513723 14.854449 0.76302953
2.9053017 16.801118 1.2513723 14.854449 0.76302953
3.1221253 16.593784 1.2513723 14.854449 0.76302953
3.1126359 17.017941 1.2513723 14.854449 0.76302953
3.3294596 16.810607 1.2513723 14.854449 0.76302953
6.0153157 20.053473 1.2513723 14.854449 0.76302953
6.2321394 19.846139 1.2513723 14.854449 0.76302953
6.2226498 20.270297 1.2513723 14.854449 0.76302953
6.4394735 20.062962 1.2513723 14.854449 0.76302953
