2.4280818 11.075009 1.2194348 10.455192 0.98628936
2.678277 11.240545 1.2194348 10.455192 0.98628936
2.7629358 11.656277 1.2194348 10.455192 0.98628936
2.9284723 11.406082 1.2194348 10.455192 0.98628936
3.0131311 11.821813 1.2194348 10.455192 0.98628936
3.2633263 11.98735 1.2194348 10.455192 0.98628936
3.4288628 11.737154 1.2194348 10.455192 0.98628936
7.1817921 14.220202 1.2194348 10.455192 0.98628936
7.2664506 14.635933 1.2194348 10.455192 0.98628936
7.4319871 14.385738 1.2194348 10.455192 0.98628936
