-9.7211652 15.587509 -4.8261926 13.683765 -1.1713158
-9.6044833 15.863888 -4.8261926 13.683765 -1.1713158
-9.8808624 15.98057 -4.8261926 13.683765 -1.1713158
-10.157241 16.097252 -4.8261926 13.683765 -1.1713158
-10.550302 15.937555 -4.8261926 13.683765 -1.1713158
-10.43362 16.213934 -4.8261926 13.683765 -1.1713158
-10.826681 16.054237 -4.8261926 13.683765 -1.1713158
-10.709999 16.330616 -4.8261926 13.683765 -1.1713158
-11.10306 16.170919 -4.8261926 13.683765 -1.1713158
-10.986378 16.447298 -4.8261926 13.683765 -1.1713158
-11.655818 16.404283 -4.8261926 13.683765 -1.1713158
