-6.3335266 15.054248 -4.5872521 13.627529 -0.95233916
-6.7518924 14.983749 -4.5872521 13.627529 -0.95233916
-6.5779587 15.228181 -4.5872521 13.627529 -0.95233916
-6.9963245 15.157683 -4.5872521 13.627529 -0.95233916
-6.8223909 15.402115 -4.5872521 13.627529 -0.95233916
-7.2407568 15.331617 -4.5872521 13.627529 -0.95233916
-7.0668232 15.576049 -4.5872521 13.627529 -0.95233916
-7.3112553 15.749982 -4.5872521 13.627529 -0.95233916
-8.2889841 16.445717 -4.5872521 13.627529 -0.95233916
-9.0222807 16.967518 -4.5872521 13.627529 -0.95233916
