-0.10452111 5.2658104 -0.67114851 7.1376901 2.7708841
0.0041616467 4.9861892 -0.67114851 7.1376901 2.7708841
0.39246568 4.8152507 -0.67114851 7.1376901 2.7708841
0.50114844 4.5356295 -0.67114851 7.1376901 2.7708841
0.60983128 4.256008 -0.67114851 7.1376901 2.7708841
0.71851404 3.9763868 -0.67114851 7.1376901 2.7708841
0.43889275 3.867704 -0.67114851 7.1376901 2.7708841
0.54757551 3.5880828 -0.67114851 7.1376901 2.7708841
0.65625835 3.3084614 -0.67114851 7.1376901 2.7708841
0.76494102 3.0288403 -0.67114851 7.1376901 2.7708841
