2.5860246 15.294046 0.93048835 15.229242 1.4410126
2.8446757 15.630349 0.93048835 15.229242 1.4410126
3.1809786 15.371698 0.93048835 15.229242 1.4410126
3.4396296 15.708001 0.93048835 15.229242 1.4410126
4.0345837 15.785653 0.93048835 15.229242 1.4410126
5.5219685 15.979783 0.93048835 15.229242 1.4410126
5.5607945 15.682306 0.93048835 15.229242 1.4410126
5.8194452 16.018608 0.93048835 15.229242 1.4410126
6.7118762 16.135086 0.93048835 15.229242 1.4410126
6.7507021 15.837609 0.93048835 15.229242 1.4410126
7.0093534 16.173912 0.93048835 15.229242 1.4410126
7.0481793 15.876435 0.93048835 15.229242 1.4410126
7.3068301 16.212738 0.93048835 15.229242 1.4410126
7.345656 15.915261 0.93048835 15.229242 1.4410126
7.6431332 15.954087 0.93048835 15.229242 1.4410126
