2.7641198 12.315047 1.464105 11.921396 1.3874249
2.8188235 12.020077 1.464105 11.921396 1.3874249
3.1137938 12.07478 1.464105 11.921396 1.3874249
3.9440012 12.533862 1.464105 11.921396 1.3874249
7.1886751 13.135602 1.464105 11.921396 1.3874249
7.2433787 12.840631 1.464105 11.921396 1.3874249
7.4836456 13.190305 1.464105 11.921396 1.3874249
7.5383493 12.895335 1.464105 11.921396 1.3874249
7.7786157 13.245009 1.464105 11.921396 1.3874249
7.8333193 12.950039 1.464105 11.921396 1.3874249
8.0735862 13.299713 1.464105 11.921396 1.3874249
8.1282899 13.004742 1.464105 11.921396 1.3874249
