-6.8903235 15.632447 -4.8081417 13.680648 -0.76512503
-6.6739347 15.840235 -4.8081417 13.680648 -0.76512503
-7.0981117 15.848836 -4.8081417 13.680648 -0.76512503
-6.881723 16.056624 -4.8081417 13.680648 -0.76512503
-7.0895111 16.273013 -4.8081417 13.680648 -0.76512503
-7.2972993 16.489402 -4.8081417 13.680648 -0.76512503
-7.7128755 16.922179 -4.8081417 13.680648 -0.76512503
-7.9206638 17.138568 -4.8081417 13.680648 -0.76512503
-8.5526288 17.363557 -4.8081417 13.680648 -0.76512503
-8.5440283 17.787734 -4.8081417 13.680648 -0.76512503
