2.7423216 14.958828 0.86060548 14.425776 1.3715208
2.8017094 14.664765 0.86060548 14.425776 1.3715208
5.3888894 15.493318 0.86060548 14.425776 1.3715208
6.5651415 15.730869 0.86060548 14.425776 1.3715208
6.8592048 15.790257 0.86060548 14.425776 1.3715208
6.9185925 15.496194 0.86060548 14.425776 1.3715208
7.1532676 15.849645 0.86060548 14.425776 1.3715208
7.2126553 15.555582 0.86060548 14.425776 1.3715208
7.4473308 15.909033 0.86060548 14.425776 1.3715208
7.8007819 15.674357 0.86060548 14.425776 1.3715208
