2.4599521 15.256537 0.80523109 15.17348 1.4299846
2.7148788 15.595672 0.80523109 15.17348 1.4299846
2.7569828 15.298641 0.80523109 15.17348 1.4299846
3.0540135 15.340745 0.80523109 15.17348 1.4299846
3.3089401 15.67988 0.80523109 15.17348 1.4299846
3.3510442 15.382849 0.80523109 15.17348 1.4299846
3.9030017 15.764088 0.80523109 15.17348 1.4299846
5.3881553 15.974608 0.80523109 15.17348 1.4299846
5.4302594 15.677578 0.80523109 15.17348 1.4299846
6.576278 16.143024 0.80523109 15.17348 1.4299846
6.6183821 15.845994 0.80523109 15.17348 1.4299846
6.8733089 16.185129 0.80523109 15.17348 1.4299846
6.915413 15.888098 0.80523109 15.17348 1.4299846
7.1703394 16.227233 0.80523109 15.17348 1.4299846
7.2124434 15.930202 0.80523109 15.17348 1.4299846
7.5094743 15.972306 0.80523109 15.17348 1.4299846
