-6.375555 15.115399 -4.6451846 13.669432 -0.94126662
-6.7946757 15.049537 -4.6451846 13.669432 -0.94126662
-6.6180463 15.292028 -4.6451846 13.669432 -0.94126662
-7.037167 15.226166 -4.6451846 13.669432 -0.94126662
-6.8605376 15.468657 -4.6451846 13.669432 -0.94126662
-7.2796585 15.402796 -4.6451846 13.669432 -0.94126662
-7.1030291 15.645287 -4.6451846 13.669432 -0.94126662
-7.3455204 15.821916 -4.6451846 13.669432 -0.94126662
-8.3154858 16.528434 -4.6451846 13.669432 -0.94126662
-8.8004684 16.881693 -4.6451846 13.669432 -0.94126662
-9.0429599 17.058322 -4.6451846 13.669432 -0.94126662
