-1.2552889 2.0084112 0.012568547 1.521033 -1.0931435
-1.1173801 2.2748341 0.012568547 1.521033 -1.0931435
-1.5217118 2.1463199 0.012568547 1.521033 -1.0931435
-1.383803 2.4127428 0.012568547 1.521033 -1.0931435
-1.7881347 2.2842288 0.012568547 1.521033 -1.0931435
-1.6502259 2.5506517 0.012568547 1.521033 -1.0931435
-1.9166488 2.6885605 0.012568547 1.521033 -1.0931435
-4.4523635 3.6633167 0.012568547 1.521033 -1.0931435
-4.3144547 3.9297396 0.012568547 1.521033 -1.0931435
-4.5808778 4.0676485 0.012568547 1.521033 -1.0931435
-5.784478 4.3528607 0.012568547 1.521033 -1.0931435
-5.6465692 4.6192836 0.012568547 1.521033 -1.0931435
-5.9129923 4.7571925 0.012568547 1.521033 -1.0931435
