-6.2389524 15.094859 -3.4559638 13.05036 -0.89374651
-6.4727797 15.282808 -3.4559638 13.05036 -0.89374651
-6.7066072 15.470757 -3.4559638 13.05036 -0.89374651
-6.9404343 15.658706 -3.4559638 13.05036 -0.89374651
-7.2201399 16.268431 -3.4559638 13.05036 -0.89374651
-7.4539674 16.45638 -3.4559638 13.05036 -0.89374651
-8.1095708 16.59845 -3.4559638 13.05036 -0.89374651
-8.3433983 16.786399 -3.4559638 13.05036 -0.89374651
-8.1554494 17.020226 -3.4559638 13.05036 -0.89374651
-8.5772254 16.974348 -3.4559638 13.05036 -0.89374651
