-2.2744456 6.5321133 -0.75243396 4.8682381 -0.67433067
-2.0401081 6.7194256 -0.75243396 4.8682381 -0.67433067
-2.461758 6.7664507 -0.75243396 4.8682381 -0.67433067
-2.2274205 6.9537631 -0.75243396 4.8682381 -0.67433067
-2.6490703 7.0007882 -0.75243396 4.8682381 -0.67433067
-2.4147328 7.1881006 -0.75243396 4.8682381 -0.67433067
-2.8363829 7.2351259 -0.75243396 4.8682381 -0.67433067
-2.6020453 7.4224383 -0.75243396 4.8682381 -0.67433067
-3.7259195 8.8284631 -0.75243396 4.8682381 -0.67433067
-4.1475695 8.8754884 -0.75243396 4.8682381 -0.67433067
-3.913232 9.0628008 -0.75243396 4.8682381 -0.67433067
