-1.4191489 10.727424 -1.0751106 8.1962907 -0.076338904
-1.4420283 11.026551 -1.0751106 8.1962907 -0.076338904
-1.4649078 11.325677 -1.0751106 8.1962907 -0.076338904
-1.2115404 11.946809 -1.0751106 8.1962907 -0.076338904
-1.2344198 12.245935 -1.0751106 8.1962907 -0.076338904
-1.3030581 13.143314 -1.0751106 8.1962907 -0.076338904
-1.6937021 14.31694 -1.0751106 8.1962907 -0.076338904
-1.3945758 14.339819 -1.0751106 8.1962907 -0.076338904
-1.7165815 14.616066 -1.0751106 8.1962907 -0.076338904
-1.4174553 14.638945 -1.0751106 8.1962907 -0.076338904
-1.4403347 14.938072 -1.0751106 8.1962907 -0.076338904
