-1.4082378 10.691119 -1.0903779 8.4586395 -0.074861008
-1.4306751 10.990279 -1.0903779 8.4586395 -0.074861008
-1.4531124 11.289439 -1.0903779 8.4586395 -0.074861008
-1.1988273 11.910196 -1.0903779 8.4586395 -0.074861008
-1.2212647 12.209355 -1.0903779 8.4586395 -0.074861008
-1.2885767 13.106835 -1.0903779 8.4586395 -0.074861008
-1.6774858 14.281036 -1.0903779 8.4586395 -0.074861008
-1.378326 14.303474 -1.0903779 8.4586395 -0.074861008
-1.6999231 14.580196 -1.0903779 8.4586395 -0.074861008
-1.4007633 14.602634 -1.0903779 8.4586395 -0.074861008
-1.7223604 14.879356 -1.0903779 8.4586395 -0.074861008
-1.7896724 15.776835 -1.0903779 8.4586395 -0.074861008
