2.9155079 15.832891 1.0382935 15.284196 1.3631976
2.9773411 15.539332 1.0382935 15.284196 1.3631976
3.2090664 15.894724 1.0382935 15.284196 1.3631976
3.502625 15.956557 1.0382935 15.284196 1.3631976
3.5644582 15.662999 1.0382935 15.284196 1.3631976
3.8580168 15.724832 1.0382935 15.284196 1.3631976
5.5575353 16.38939 1.0382935 15.284196 1.3631976
5.6193686 16.095831 1.0382935 15.284196 1.3631976
5.8510937 16.451223 1.0382935 15.284196 1.3631976
5.9129269 16.157664 1.0382935 15.284196 1.3631976
6.2064857 16.219498 1.0382935 15.284196 1.3631976
6.4382112 16.57489 1.0382935 15.284196 1.3631976
6.5000445 16.281331 1.0382935 15.284196 1.3631976
6.7317696 16.636723 1.0382935 15.284196 1.3631976
6.7936028 16.343164 1.0382935 15.284196 1.3631976
7.0253283 16.698556 1.0382935 15.284196 1.3631976
