2.0492527 7.0129218 0.55041339 6.3068902 1.039914
2.1560727 7.4235184 0.55041339 6.3068902 1.039914
2.307961 7.1648102 0.55041339 6.3068902 1.039914
2.4147808 7.5754067 0.55041339 6.3068902 1.039914
2.5666692 7.3166985 0.55041339 6.3068902 1.039914
2.673489 7.727295 0.55041339 6.3068902 1.039914
2.9321972 7.8791833 0.55041339 6.3068902 1.039914
3.0840855 7.620475 0.55041339 6.3068902 1.039914
3.1909056 8.0310717 0.55041339 6.3068902 1.039914
3.3427939 7.7723634 0.55041339 6.3068902 1.039914
3.7083219 8.3348483 0.55041339 6.3068902 1.039914
6.0366957 9.701843 0.55041339 6.3068902 1.039914
6.188584 9.4431348 0.55041339 6.3068902 1.039914
6.2954041 9.8537314 0.55041339 6.3068902 1.039914
