-1.2899332 5.2255157 -0.53231124 4.483216 -0.65371608
-1.4723754 5.4636646 -0.53231124 4.483216 -0.65371608
-2.3845861 6.6544086 -0.53231124 4.483216 -0.65371608
-2.1464373 6.8368507 -0.53231124 4.483216 -0.65371608
-4.1533011 9.4564879 -0.53231124 4.483216 -0.65371608
-4.5738919 9.5121943 -0.53231124 4.483216 -0.65371608
-4.3357431 9.6946365 -0.53231124 4.483216 -0.65371608
-4.7563342 9.7503433 -0.53231124 4.483216 -0.65371608
-4.5181854 9.9327854 -0.53231124 4.483216 -0.65371608
-4.9387765 9.9884922 -0.53231124 4.483216 -0.65371608
