-0.39589901 5.8242712 -0.79264061 8.3476808 2.926889
-0.038869775 5.5950767 -0.79264061 8.3476808 2.926889
-0.33198166 5.5311594 -0.79264061 8.3476808 2.926889
0.40855172 3.5432937 -0.79264061 8.3476808 2.926889
0.47246911 3.2501816 -0.79264061 8.3476808 2.926889
0.53638651 2.9570696 -0.79264061 8.3476808 2.926889
0.60030381 2.663958 -0.79264061 8.3476808 2.926889
0.66422121 2.3708459 -0.79264061 8.3476808 2.926889
0.72813851 2.0777343 -0.79264061 8.3476808 2.926889
0.79205591 1.7846223 -0.79264061 8.3476808 2.926889
0.49894402 1.7207049 -0.79264061 8.3476808 2.926889
