2.6037635 15.337986 0.95080382 15.225184 1.4119996
2.85255 15.68165 0.95080382 15.225184 1.4119996
2.899989 15.385425 0.95080382 15.225184 1.4119996
3.1487754 15.72909 0.95080382 15.225184 1.4119996
3.1962145 15.432864 0.95080382 15.225184 1.4119996
3.4450008 15.776529 0.95080382 15.225184 1.4119996
3.4924399 15.480303 0.95080382 15.225184 1.4119996
4.0374519 15.871407 0.95080382 15.225184 1.4119996
5.5185793 16.108602 0.95080382 15.225184 1.4119996
5.5660184 15.812377 0.95080382 15.225184 1.4119996
5.8148045 16.156041 0.95080382 15.225184 1.4119996
6.1110302 16.20348 0.95080382 15.225184 1.4119996
6.4072559 16.250919 0.95080382 15.225184 1.4119996
6.7034811 16.298358 0.95080382 15.225184 1.4119996
6.7509201 16.002133 0.95080382 15.225184 1.4119996
6.9997067 16.345797 0.95080382 15.225184 1.4119996
7.0471458 16.049572 0.95080382 15.225184 1.4119996
7.343371 16.097011 0.95080382 15.225184 1.4119996
