-0.27372237 6.8049459 -0.65889533 3.6749871 0.17002756
0.02195167 6.7541831 -0.65889533 3.6749871 0.17002756
-0.22295953 7.1006199 -0.65889533 3.6749871 0.17002756
0.072714515 7.049857 -0.65889533 3.6749871 0.17002756
0.18314328 9.466012 -0.65889533 3.6749871 0.17002756
0.47881732 9.4152492 -0.65889533 3.6749871 0.17002756
0.23390616 9.7616862 -0.65889533 3.6749871 0.17002756
0.28466897 10.05736 -0.65889533 3.6749871 0.17002756
0.33543185 10.353034 -0.65889533 3.6749871 0.17002756
0.38619474 10.648708 -0.65889533 3.6749871 0.17002756
