1.4643961 7.619954 -2.0064562 9.7123654 2.0762904
1.7268765 7.4746822 -2.0064562 9.7123654 2.0762904
2.1346292 7.5918908 -2.0064562 9.7123654 2.0762904
1.9893573 7.3294102 -2.0064562 9.7123654 2.0762904
2.3971095 7.446619 -2.0064562 9.7123654 2.0762904
2.6595903 7.301347 -2.0064562 9.7123654 2.0762904
3.8267214 6.3125067 -2.0064562 9.7123654 2.0762904
4.0892022 6.1672347 -2.0064562 9.7123654 2.0762904
4.4969545 6.2844436 -2.0064562 9.7123654 2.0762904
4.3516825 6.0219629 -2.0064562 9.7123654 2.0762904
