-2.4779469 12.992874 -2.9517538 12.392452 0.47067755
-2.3418998 13.260252 -2.9517538 12.392452 0.47067755
-2.4732311 13.663678 -2.9517538 12.392452 0.47067755
-2.2058527 13.527631 -2.9517538 12.392452 0.47067755
-2.337184 13.931056 -2.9517538 12.392452 0.47067755
-2.0698056 13.795009 -2.9517538 12.392452 0.47067755
-2.2011369 14.198435 -2.9517538 12.392452 0.47067755
-1.9337585 14.062388 -2.9517538 12.392452 0.47067755
-2.0650898 14.465813 -2.9517538 12.392452 0.47067755
-1.9290428 14.733191 -2.9517538 12.392452 0.47067755
-1.7929957 15.00057 -2.9517538 12.392452 0.47067755
-1.6569486 15.267948 -2.9517538 12.392452 0.47067755
-1.5209015 15.535327 -2.9517538 12.392452 0.47067755
-1.3848544 15.802705 -2.9517538 12.392452 0.47067755
-1.2488073 16.070083 -2.9517538 12.392452 0.47067755
