-0.13015314 5.3650364 -0.71678212 7.2307445 2.7601813
-0.018483921 5.0865944 -0.71678212 7.2307445 2.7601813
0.37162737 4.9198216 -0.71678212 7.2307445 2.7601813
0.48329658 4.6413796 -0.71678212 7.2307445 2.7601813
0.59496588 4.3629373 -0.71678212 7.2307445 2.7601813
0.7066351 4.0844953 -0.71678212 7.2307445 2.7601813
0.42819302 3.9728261 -0.71678212 7.2307445 2.7601813
0.53986224 3.6943841 -0.71678212 7.2307445 2.7601813
0.65153154 3.4159418 -0.71678212 7.2307445 2.7601813
0.76320067 3.1375 -0.71678212 7.2307445 2.7601813
