-3.6409134 0.41752676 0.085674966 -0.02692697 -1.4121128
-3.5935079 0.71375762 0.085674966 -0.02692697 -1.4121128
-3.9371444 0.46493232 0.085674966 -0.02692697 -1.4121128
-3.8897389 0.76116318 0.085674966 -0.02692697 -1.4121128
-4.233375 0.51233781 0.085674966 -0.02692697 -1.4121128
-4.1859695 0.80856867 0.085674966 -0.02692697 -1.4121128
-4.529606 0.55974337 0.085674966 -0.02692697 -1.4121128
-4.4822005 0.85597423 0.085674966 -0.02692697 -1.4121128
-4.8258366 0.60714886 0.085674966 -0.02692697 -1.4121128
-4.7784311 0.90337972 0.085674966 -0.02692697 -1.4121128
-5.0746621 0.95078528 0.085674966 -0.02692697 -1.4121128
