3.1280534 11.985865 1.8002965 11.699401 1.4689601
3.4264991 12.016363 1.8002965 11.699401 1.4689601
4.0538887 11.778914 1.8002965 11.699401 1.4689601
4.3218363 12.107858 1.8002965 11.699401 1.4689601
7.6047396 12.443336 1.8002965 11.699401 1.4689601
7.6352377 12.144891 1.8002965 11.699401 1.4689601
7.9031855 12.473835 1.8002965 11.699401 1.4689601
7.9336836 12.175389 1.8002965 11.699401 1.4689601
8.201631 12.504333 1.8002965 11.699401 1.4689601
8.2321291 12.205887 1.8002965 11.699401 1.4689601
8.5000769 12.534831 1.8002965 11.699401 1.4689601
8.530575 12.236385 1.8002965 11.699401 1.4689601
