-1.6310654 6.6123513 -0.42431117 4.707425 -0.63125027
-2.0502988 6.677492 -0.42431117 4.707425 -0.63125027
-1.8081117 6.8545384 -0.42431117 4.707425 -0.63125027
-2.2273451 6.9196791 -0.42431117 4.707425 -0.63125027
-1.985158 7.0967254 -0.42431117 4.707425 -0.63125027
-2.4043916 7.1618663 -0.42431117 4.707425 -0.63125027
-2.1622045 7.3389127 -0.42431117 4.707425 -0.63125027
-2.5814379 7.4040534 -0.42431117 4.707425 -0.63125027
-2.3392508 7.5810997 -0.42431117 4.707425 -0.63125027
-2.5162972 7.8232868 -0.42431117 4.707425 -0.63125027
-2.6933437 8.065474 -0.42431117 4.707425 -0.63125027
-4.4638073 10.487345 -0.42431117 4.707425 -0.63125027
