2.1668047 12.392386 0.94862422 11.791523 1.0019091
2.2579465 12.806744 0.94862422 11.791523 1.0019091
2.419555 12.553994 0.94862422 11.791523 1.0019091
2.5106968 12.968353 0.94862422 11.791523 1.0019091
2.6723053 12.715603 0.94862422 11.791523 1.0019091
2.9250555 12.877211 0.94862422 11.791523 1.0019091
3.0161973 13.29157 0.94862422 11.791523 1.0019091
3.2689475 13.453178 0.94862422 11.791523 1.0019091
6.4635592 15.13973 0.94862422 11.791523 1.0019091
6.5547012 15.554088 0.94862422 11.791523 1.0019091
6.7163096 15.301338 0.94862422 11.791523 1.0019091
6.8074516 15.715697 0.94862422 11.791523 1.0019091
6.9690601 15.462947 0.94862422 11.791523 1.0019091
7.0602016 15.877305 0.94862422 11.791523 1.0019091
