0.524126 2.2005304 -0.31004873 4.2955608 2.8292345
0.61631706 1.915047 -0.31004873 4.2955608 2.8292345
0.70850811 1.6295636 -0.31004873 4.2955608 2.8292345
0.98508134 0.77311311 -0.31004873 4.2955608 2.8292345
1.0772725 0.48762946 -0.31004873 4.2955608 2.8292345
0.79178899 0.39543839 -0.31004873 4.2955608 2.8292345
0.88397997 0.1099552 -0.31004873 4.2955608 2.8292345
1.8148009 -1.7962379 -0.31004873 4.2955608 2.8292345
1.5293174 -1.8884289 -0.31004873 4.2955608 2.8292345
1.6215085 -2.1739126 -0.31004873 4.2955608 2.8292345
