-1.2125056 5.135143 -0.45999812 4.387659 -0.64685008
-1.3933084 5.3745389 -0.45999812 4.387659 -0.64685008
-2.0579262 6.7523208 -0.45999812 4.387659 -0.64685008
-2.4781249 6.810914 -0.45999812 4.387659 -0.64685008
-2.2387291 6.9917167 -0.45999812 4.387659 -0.64685008
-3.7437441 8.4866848 -0.45999812 4.387659 -0.64685008
-4.4669549 9.444268 -0.45999812 4.387659 -0.64685008
-4.6477578 9.683664 -0.45999812 4.387659 -0.64685008
-4.4083619 9.8644667 -0.45999812 4.387659 -0.64685008
-4.8285606 9.92306 -0.45999812 4.387659 -0.64685008
