-0.30093646 28.0871 1.5714662 26.349541 -0.76397844
-0.92355626 28.73698 1.5714662 26.349541 -0.76397844
-0.70692942 28.94452 1.5714662 26.349541 -0.76397844
-1.1310961 28.953607 1.5714662 26.349541 -0.76397844
-0.91446929 29.161147 1.5714662 26.349541 -0.76397844
-1.3386362 29.170234 1.5714662 26.349541 -0.76397844
-1.1220093 29.377774 1.5714662 26.349541 -0.76397844
-2.9898684 31.327415 1.5714662 26.349541 -0.76397844
-3.1974084 31.544042 1.5714662 26.349541 -0.76397844
-3.4049482 31.760669 1.5714662 26.349541 -0.76397844
