0.27882433 9.3656635 -0.17416545 4.7353502 0.065274128
-0.00096848926 9.6845927 -0.17416545 4.7353502 0.065274128
0.29839264 9.6650243 -0.17416545 4.7353502 0.065274128
0.018599859 9.983954 -0.17416545 4.7353502 0.065274128
0.31796099 9.9643856 -0.17416545 4.7353502 0.065274128
0.33752934 10.263747 -0.17416545 4.7353502 0.065274128
0.057736524 10.582676 -0.17416545 4.7353502 0.065274128
0.35709766 10.563108 -0.17416545 4.7353502 0.065274128
0.077304872 10.882037 -0.17416545 4.7353502 0.065274128
0.096873189 11.181398 -0.17416545 4.7353502 0.065274128
0.11644154 11.48076 -0.17416545 4.7353502 0.065274128
0.1555782 12.079482 -0.17416545 4.7353502 0.065274128
