-1.7536603 6.5215673 -0.41250274 4.7087528 -0.57038626
-1.9156474 6.774075 -0.41250274 4.7087528 -0.57038626
-2.0776346 7.0265827 -0.41250274 4.7087528 -0.57038626
-1.8251268 7.1885699 -0.41250274 4.7087528 -0.57038626
-2.2396218 7.2790906 -0.41250274 4.7087528 -0.57038626
-1.9871141 7.4410778 -0.41250274 4.7087528 -0.57038626
-2.401609 7.5315983 -0.41250274 4.7087528 -0.57038626
-2.1491012 7.6935855 -0.41250274 4.7087528 -0.57038626
-2.5635961 7.784106 -0.41250274 4.7087528 -0.57038626
-2.7255834 8.0366139 -0.41250274 4.7087528 -0.57038626
