2.2590109 11.078319 1.3360983 10.555603 0.9135698
2.5507477 11.68238 1.3360983 10.555603 0.9135698
2.7340247 11.444873 1.3360983 10.555603 0.9135698
2.7882546 11.865657 1.3360983 10.555603 0.9135698
2.9715317 11.62815 1.3360983 10.555603 0.9135698
3.2090385 11.811427 1.3360983 10.555603 0.9135698
3.2632684 12.232211 1.3360983 10.555603 0.9135698
3.5007752 12.415488 1.3360983 10.555603 0.9135698
6.825872 14.981367 1.3360983 10.555603 0.9135698
7.0633786 15.164643 1.3360983 10.555603 0.9135698
7.2466557 14.927137 1.3360983 10.555603 0.9135698
