3.9511723 24.518019 1.6969673 24.577682 1.6638256
4.2498751 24.490151 1.6969673 24.577682 1.6638256
4.5485778 24.462282 1.6969673 24.577682 1.6638256
4.8472807 24.434414 1.6969673 24.577682 1.6638256
6.9382 24.239334 1.6969673 24.577682 1.6638256
7.236903 24.211465 1.6969673 24.577682 1.6638256
7.2090344 23.912762 1.6969673 24.577682 1.6638256
7.5077369 23.884894 1.6969673 24.577682 1.6638256
7.8064399 23.857025 1.6969673 24.577682 1.6638256
8.4317139 24.099991 1.6969673 24.577682 1.6638256
8.4038453 23.801288 1.6969673 24.577682 1.6638256
8.7304168 24.072122 1.6969673 24.577682 1.6638256
8.7025483 23.77342 1.6969673 24.577682 1.6638256
