2.6006918 15.311386 0.94515145 15.246687 1.4410761
2.8593643 15.647672 0.94515145 15.246687 1.4410761
3.1956507 15.389 0.94515145 15.246687 1.4410761
3.4543231 15.725286 0.94515145 15.246687 1.4410761
4.0492821 15.8029 0.94515145 15.246687 1.4410761
5.5366793 15.996935 0.94515145 15.246687 1.4410761
5.5754863 15.699456 0.94515145 15.246687 1.4410761
5.8341585 16.035742 0.94515145 15.246687 1.4410761
6.7265969 16.152163 0.94515145 15.246687 1.4410761
6.7654039 15.854684 0.94515145 15.246687 1.4410761
7.0240765 16.19097 0.94515145 15.246687 1.4410761
7.0628835 15.893491 0.94515145 15.246687 1.4410761
7.3215557 16.229777 0.94515145 15.246687 1.4410761
7.3603627 15.932298 0.94515145 15.246687 1.4410761
7.6578423 15.971105 0.94515145 15.246687 1.4410761
