-1.4776859 3.3671425 -0.70399559 2.2507181 -0.49536025
-1.6202904 3.6310817 -0.70399559 2.2507181 -0.49536025
-1.7628951 3.895021 -0.70399559 2.2507181 -0.49536025
-1.4989558 4.0376256 -0.70399559 2.2507181 -0.49536025
-1.9054996 4.1589602 -0.70399559 2.2507181 -0.49536025
-1.6415604 4.3015648 -0.70399559 2.2507181 -0.49536025
-2.0481042 4.4228994 -0.70399559 2.2507181 -0.49536025
-1.7841649 4.565504 -0.70399559 2.2507181 -0.49536025
-2.1907088 4.6868386 -0.70399559 2.2507181 -0.49536025
-1.9267695 4.8294432 -0.70399559 2.2507181 -0.49536025
-2.3333134 4.9507781 -0.70399559 2.2507181 -0.49536025
-2.0693742 5.0933827 -0.70399559 2.2507181 -0.49536025
-2.7823971 6.4130789 -0.70399559 2.2507181 -0.49536025
