-1.2524521 2.0358953 0.00075938916 1.512005 -1.0641799
-1.1068857 2.2982127 0.00075938916 1.512005 -1.0641799
-1.5147695 2.1814617 0.00075938916 1.512005 -1.0641799
-1.369203 2.4437791 0.00075938916 1.512005 -1.0641799
-1.7770869 2.3270281 0.00075938916 1.512005 -1.0641799
-1.6315205 2.5893455 0.00075938916 1.512005 -1.0641799
-1.8938378 2.734912 0.00075938916 1.512005 -1.0641799
-4.4002606 3.7826924 0.00075938916 1.512005 -1.0641799
-4.2546941 4.0450098 0.00075938916 1.512005 -1.0641799
-4.5170117 4.1905763 0.00075938916 1.512005 -1.0641799
-5.7118475 4.5105246 0.00075938916 1.512005 -1.0641799
-5.5662811 4.772842 0.00075938916 1.512005 -1.0641799
-5.8285986 4.9184085 0.00075938916 1.512005 -1.0641799
