0.16528998 2.679509 -0.40048497 4.5516465 2.9248833
0.22979511 2.3865259 -0.40048497 4.5516465 2.9248833
0.68133106 0.33564442 -0.40048497 4.5516465 2.9248833
0.74583624 0.042661153 -0.40048497 4.5516465 2.9248833
1.132867 -1.7152371 -0.40048497 4.5516465 2.9248833
0.83988391 -1.7797422 -0.40048497 4.5516465 2.9248833
1.1973722 -2.0082203 -0.40048497 4.5516465 2.9248833
0.90438909 -2.0727255 -0.40048497 4.5516465 2.9248833
1.2618774 -2.3012036 -0.40048497 4.5516465 2.9248833
0.96889427 -2.3657087 -0.40048497 4.5516465 2.9248833
