-2.1397284 6.4820226 -0.85795271 5.0048458 -0.63791993
-1.8987275 6.6606804 -0.85795271 5.0048458 -0.63791993
-2.3183861 6.7230235 -0.85795271 5.0048458 -0.63791993
-2.0773852 6.9016812 -0.85795271 5.0048458 -0.63791993
-2.4970437 6.9640243 -0.85795271 5.0048458 -0.63791993
-2.2560429 7.142682 -0.85795271 5.0048458 -0.63791993
-2.6757014 7.2050251 -0.85795271 5.0048458 -0.63791993
-2.4347006 7.3836829 -0.85795271 5.0048458 -0.63791993
-2.6133584 7.6246839 -0.85795271 5.0048458 -0.63791993
-2.7920161 7.8656847 -0.85795271 5.0048458 -0.63791993
-2.9706738 8.1066855 -0.85795271 5.0048458 -0.63791993
-3.9263054 8.8920311 -0.85795271 5.0048458 -0.63791993
-4.1049633 9.1330322 -0.85795271 5.0048458 -0.63791993
