3.1526508 11.981228 1.8249838 11.694347 1.4686467
4.078551 11.774567 1.8249838 11.694347 1.4686467
4.3463955 12.103594 1.8249838 11.694347 1.4686467
7.6291934 12.440102 1.8249838 11.694347 1.4686467
7.659785 12.141666 1.8249838 11.694347 1.4686467
7.9276298 12.470694 1.8249838 11.694347 1.4686467
7.9582214 12.172258 1.8249838 11.694347 1.4686467
8.2260656 12.501286 1.8249838 11.694347 1.4686467
8.2566573 12.202849 1.8249838 11.694347 1.4686467
8.524502 12.531877 1.8249838 11.694347 1.4686467
8.5550936 12.233441 1.8249838 11.694347 1.4686467
