-1.3294134 3.9957636 -0.73105949 2.4507806 -0.27884035
-1.4119857 4.2841763 -0.73105949 2.4507806 -0.27884035
-1.494558 4.5725888 -0.73105949 2.4507806 -0.27884035
-1.5771303 4.8610013 -0.73105949 2.4507806 -0.27884035
-1.6597025 5.1494139 -0.73105949 2.4507806 -0.27884035
-1.3712899 5.2319862 -0.73105949 2.4507806 -0.27884035
-1.7841514 6.6740491 -0.73105949 2.4507806 -0.27884035
-2.0318683 7.5392869 -0.73105949 2.4507806 -0.27884035
-2.1144406 7.8276997 -0.73105949 2.4507806 -0.27884035
-2.1970129 8.116112 -0.73105949 2.4507806 -0.27884035
