0.69753351 4.3201336 0.0056908623 1.5513156 0.19227259
0.75486058 4.6146056 0.0056908623 1.5513156 0.19227259
0.8121876 4.9090773 0.0056908623 1.5513156 0.19227259
0.86951462 5.203549 0.0056908623 1.5513156 0.19227259
0.92684168 5.4980209 0.0056908623 1.5513156 0.19227259
0.6896969 5.8498194 0.0056908623 1.5513156 0.19227259
0.98416866 5.7924924 0.0056908623 1.5513156 0.19227259
0.74702396 6.1442914 0.0056908623 1.5513156 0.19227259
0.80435094 6.4387628 0.0056908623 1.5513156 0.19227259
0.86167801 6.7332348 0.0056908623 1.5513156 0.19227259
0.91900507 7.0277067 0.0056908623 1.5513156 0.19227259
0.97633205 7.3221782 0.0056908623 1.5513156 0.19227259
