0.47042923 0.7616792 0.2774523 0.02157116 0.45245811
0.6015825 1.0314917 0.2774523 0.02157116 0.45245811
0.9950424 1.8409295 0.2774523 0.02157116 0.45245811
2.9698476 5.2173393 0.2774523 0.02157116 0.45245811
2.8311884 5.6183053 0.2774523 0.02157116 0.45245811
3.101001 5.487152 0.2774523 0.02157116 0.45245811
2.9623416 5.8881176 0.2774523 0.02157116 0.45245811
3.093495 6.1579303 0.2774523 0.02157116 0.45245811
3.2246483 6.4277431 0.2774523 0.02157116 0.45245811
3.4944609 6.2965898 0.2774523 0.02157116 0.45245811
