-1.247317 2.5231955 -0.64303392 2.0543224 -0.71351858
-1.4436664 2.7500145 -0.64303392 2.0543224 -0.71351858
-1.6400159 2.9768337 -0.64303392 2.0543224 -0.71351858
-1.4131968 3.1731831 -0.64303392 2.0543224 -0.71351858
-1.8363653 3.2036527 -0.64303392 2.0543224 -0.71351858
-1.6095462 3.4000022 -0.64303392 2.0543224 -0.71351858
-2.0327148 3.4304719 -0.64303392 2.0543224 -0.71351858
-1.8058957 3.6268213 -0.64303392 2.0543224 -0.71351858
-2.1985945 4.0804595 -0.64303392 2.0543224 -0.71351858
-2.3949439 4.3072785 -0.64303392 2.0543224 -0.71351858
