-2.1839318 6.3434824 -0.44352098 4.4737311 -0.69083087
-1.9527167 6.5346357 -0.44352098 4.4737311 -0.69083087
-2.3750851 6.5746974 -0.44352098 4.4737311 -0.69083087
-2.14387 6.7658508 -0.44352098 4.4737311 -0.69083087
-2.3350235 6.997066 -0.44352098 4.4737311 -0.69083087
-2.7573918 7.0371276 -0.44352098 4.4737311 -0.69083087
-2.5261768 7.228281 -0.44352098 4.4737311 -0.69083087
-3.5220052 7.9619879 -0.44352098 4.4737311 -0.69083087
-3.8642502 8.8467865 -0.44352098 4.4737311 -0.69083087
-4.2866184 8.886848 -0.44352098 4.4737311 -0.69083087
-4.0554033 9.0780014 -0.44352098 4.4737311 -0.69083087
