-1.6313978 6.6121407 -0.42431117 4.707425 -0.63142478
-2.0506426 6.6772082 -0.42431117 4.707425 -0.63142478
-1.8084864 6.8542969 -0.42431117 4.707425 -0.63142478
-2.2277312 6.9193644 -0.42431117 4.707425 -0.63142478
-1.985575 7.096453 -0.42431117 4.707425 -0.63142478
-2.4048199 7.1615207 -0.42431117 4.707425 -0.63142478
-2.1626637 7.3386094 -0.42431117 4.707425 -0.63142478
-2.5819085 7.4036769 -0.42431117 4.707425 -0.63142478
-2.3397523 7.5807655 -0.42431117 4.707425 -0.63142478
-2.5168409 7.8229217 -0.42431117 4.707425 -0.63142478
-2.6939296 8.065078 -0.42431117 4.707425 -0.63142478
-2.8710181 8.3072339 -0.42431117 4.707425 -0.63142478
-4.4648159 10.48664 -0.42431117 4.707425 -0.63142478
