-1.2099154 5.1377416 -0.45999812 4.387659 -0.64339083
-1.389889 5.3777615 -0.45999812 4.387659 -0.64339083
-2.0497367 6.7578342 -0.45999812 4.387659 -0.64339083
-2.4697302 6.8178807 -0.45999812 4.387659 -0.64339083
-2.2297103 6.9978542 -0.45999812 4.387659 -0.64339083
-3.7295449 8.4980196 -0.45999812 4.387659 -0.64339083
-4.4494389 9.4580988 -0.45999812 4.387659 -0.64339083
-4.209419 9.6380723 -0.45999812 4.387659 -0.64339083
-4.6294125 9.6981188 -0.45999812 4.387659 -0.64339083
-4.3893927 9.8780923 -0.45999812 4.387659 -0.64339083
-4.8093862 9.9381388 -0.45999812 4.387659 -0.64339083
