-2.1542801 6.8300823 -0.47395768 4.9061497 -0.65915538
-2.3380149 7.0672352 -0.47395768 4.9061497 -0.65915538
-2.1008619 7.25097 -0.47395768 4.9061497 -0.65915538
-2.5217498 7.3043882 -0.47395768 4.9061497 -0.65915538
-2.2845968 7.4881231 -0.47395768 4.9061497 -0.65915538
-2.7054846 7.5415412 -0.47395768 4.9061497 -0.65915538
-2.4683316 7.725276 -0.47395768 4.9061497 -0.65915538
-2.8892194 7.7786941 -0.47395768 4.9061497 -0.65915538
-2.6520664 7.9624289 -0.47395768 4.9061497 -0.65915538
-2.8358014 8.199582 -0.47395768 4.9061497 -0.65915538
