-6.0934965 14.543316 -4.673284 13.690089 -0.93914782
-6.3356131 14.720459 -4.673284 13.690089 -0.93914782
-6.1584703 14.962576 -4.673284 13.690089 -0.93914782
-6.5777296 14.897602 -4.673284 13.690089 -0.93914782
-6.4005868 15.139719 -4.673284 13.690089 -0.93914782
-6.8198462 15.074745 -4.673284 13.690089 -0.93914782
-6.6427034 15.316861 -4.673284 13.690089 -0.93914782
-6.8848199 15.494004 -4.673284 13.690089 -0.93914782
-7.3040794 15.42903 -4.673284 13.690089 -0.93914782
-7.1269366 15.671147 -4.673284 13.690089 -0.93914782
