-1.5623309 6.6095141 -0.21922157 4.4367147 -0.61241191
-1.9802628 6.6825404 -0.21922157 4.4367147 -0.61241191
-1.7347836 6.8549932 -0.21922157 4.4367147 -0.61241191
-2.1527158 6.9280197 -0.21922157 4.4367147 -0.61241191
-1.9072366 7.1004726 -0.21922157 4.4367147 -0.61241191
-2.3251685 7.1734989 -0.21922157 4.4367147 -0.61241191
-2.0796893 7.3459517 -0.21922157 4.4367147 -0.61241191
-2.4976213 7.418978 -0.21922157 4.4367147 -0.61241191
-2.2521421 7.5914308 -0.21922157 4.4367147 -0.61241191
-2.4245951 7.8369102 -0.21922157 4.4367147 -0.61241191
-2.8425269 7.9099363 -0.21922157 4.4367147 -0.61241191
-2.5970477 8.0823891 -0.21922157 4.4367147 -0.61241191
-4.3215758 10.537181 -0.21922157 4.4367147 -0.61241191
