2.7412491 14.667598 0.80054259 14.425403 1.3698688
2.9753401 15.021436 0.80054259 14.425403 1.3698688
5.3270567 15.500424 0.80054259 14.425403 1.3698688
6.5029148 15.739918 0.80054259 14.425403 1.3698688
6.7968795 15.799791 0.80054259 14.425403 1.3698688
6.856753 15.505827 0.80054259 14.425403 1.3698688
7.0908438 15.859665 0.80054259 14.425403 1.3698688
7.1507173 15.5657 0.80054259 14.425403 1.3698688
7.3848086 15.919538 0.80054259 14.425403 1.3698688
7.6787733 15.979412 0.80054259 14.425403 1.3698688
7.7386468 15.685447 0.80054259 14.425403 1.3698688
