-6.1584703 14.962576 -4.673284 13.690089 -0.93914782
-6.5777296 14.897602 -4.673284 13.690089 -0.93914782
-6.4005868 15.139719 -4.673284 13.690089 -0.93914782
-6.8198462 15.074745 -4.673284 13.690089 -0.93914782
-6.6427034 15.316861 -4.673284 13.690089 -0.93914782
-7.0619627 15.251888 -4.673284 13.690089 -0.93914782
-6.8848199 15.494004 -4.673284 13.690089 -0.93914782
-7.1269366 15.671147 -4.673284 13.690089 -0.93914782
-7.3690531 15.84829 -4.673284 13.690089 -0.93914782
-8.0954027 16.379718 -4.673284 13.690089 -0.93914782
-8.3375194 16.556861 -4.673284 13.690089 -0.93914782
-8.9988952 16.66903 -4.673284 13.690089 -0.93914782
