-6.7793253 15.736238 -3.4892637 12.88659 -0.82253843
-6.9991881 15.940347 -3.4892637 12.88659 -0.82253843
-7.2190504 16.144456 -3.4892637 12.88659 -0.82253843
-7.4389131 16.348565 -3.4892637 12.88659 -0.82253843
-7.6587758 16.552674 -3.4892637 12.88659 -0.82253843
-7.6745293 16.976645 -3.4892637 12.88659 -0.82253843
-7.894392 17.180754 -3.4892637 12.88659 -0.82253843
-8.538226 17.36911 -3.4892637 12.88659 -0.82253843
-8.3341171 17.588972 -3.4892637 12.88659 -0.82253843
-8.5539798 17.793081 -3.4892637 12.88659 -0.82253843
