-5.1813268 15.161433 -3.3183076 12.999453 -0.65867519
-4.9440857 15.345054 -3.3183076 12.999453 -0.65867519
-5.3649479 15.398674 -3.3183076 12.999453 -0.65867519
-5.1277067 15.582295 -3.3183076 12.999453 -0.65867519
-5.5485688 15.635915 -3.3183076 12.999453 -0.65867519
-6.0458113 16.768501 -3.3183076 12.999453 -0.65867519
-6.4666732 16.822121 -3.3183076 12.999453 -0.65867519
-6.2294321 17.005742 -3.3183076 12.999453 -0.65867519
-6.6502942 17.059362 -3.3183076 12.999453 -0.65867519
-6.8339153 17.296603 -3.3183076 12.999453 -0.65867519
