-0.53178227 28.922512 1.6772169 26.26821 -0.65063786
-0.71349046 29.161222 1.6772169 26.26821 -0.65063786
-0.47478117 29.34293 1.6772169 26.26821 -0.65063786
-0.8951988 29.399931 1.6772169 26.26821 -0.65063786
-0.65648951 29.581639 1.6772169 26.26821 -0.65063786
-1.0769068 29.63864 1.6772169 26.26821 -0.65063786
-2.5305727 31.548314 1.6772169 26.26821 -0.65063786
-2.712281 31.787024 1.6772169 26.26821 -0.65063786
-2.8939891 32.025733 1.6772169 26.26821 -0.65063786
-2.6552798 32.207441 1.6772169 26.26821 -0.65063786
