-6.5905705 15.649037 -3.5767775 12.939415 -0.87551328
-7.0131129 15.610856 -3.5767775 12.939415 -0.87551328
-6.820932 15.841218 -3.5767775 12.939415 -0.87551328
-7.2434747 15.803037 -3.5767775 12.939415 -0.87551328
-7.0512939 16.033399 -3.5767775 12.939415 -0.87551328
-7.4738362 15.995218 -3.5767775 12.939415 -0.87551328
-7.2816554 16.225579 -3.5767775 12.939415 -0.87551328
-7.5120173 16.41776 -3.5767775 12.939415 -0.87551328
-8.433464 17.186484 -3.5767775 12.939415 -0.87551328
-8.6638259 17.378664 -3.5767775 12.939415 -0.87551328
