2.5667534 15.314259 0.91137731 15.245484 1.4386141
2.8245972 15.651181 0.91137731 15.245484 1.4386141
2.8641365 15.353798 0.91137731 15.245484 1.4386141
3.1615194 15.393338 0.91137731 15.245484 1.4386141
3.419363 15.73026 0.91137731 15.245484 1.4386141
4.0141292 15.809339 0.91137731 15.245484 1.4386141
5.5010441 16.007035 0.91137731 15.245484 1.4386141
5.5405834 15.709652 0.91137731 15.245484 1.4386141
5.7984268 16.046574 0.91137731 15.245484 1.4386141
6.6905759 16.165192 0.91137731 15.245484 1.4386141
6.7301152 15.867809 0.91137731 15.245484 1.4386141
6.9879591 16.204732 0.91137731 15.245484 1.4386141
7.0274984 15.907349 0.91137731 15.245484 1.4386141
7.2853418 16.244271 0.91137731 15.245484 1.4386141
7.3248811 15.946888 0.91137731 15.245484 1.4386141
7.582725 16.28381 0.91137731 15.245484 1.4386141
7.6222643 15.986427 0.91137731 15.245484 1.4386141
