3.1332874 11.985391 1.8053483 11.699773 1.4695974
4.0589907 11.777849 1.8053483 11.699773 1.4695974
4.3271479 12.106622 1.8053483 11.699773 1.4695974
7.6102642 12.440009 1.8053483 11.699773 1.4695974
7.6405721 12.141544 1.8053483 11.699773 1.4695974
7.9087295 12.470317 1.8053483 11.699773 1.4695974
7.9390374 12.171852 1.8053483 11.699773 1.4695974
8.2071944 12.500625 1.8053483 11.699773 1.4695974
8.2375023 12.20216 1.8053483 11.699773 1.4695974
8.5056597 12.530933 1.8053483 11.699773 1.4695974
8.5359676 12.232468 1.8053483 11.699773 1.4695974
