-5.85138 14.366174 -4.673284 13.690089 -0.93914782
-6.0934965 14.543316 -4.673284 13.690089 -0.93914782
-6.3356131 14.720459 -4.673284 13.690089 -0.93914782
-7.5461959 15.606173 -4.673284 13.690089 -0.93914782
-7.3690531 15.84829 -4.673284 13.690089 -0.93914782
-7.6111696 16.025433 -4.673284 13.690089 -0.93914782
-8.0304292 15.960459 -4.673284 13.690089 -0.93914782
-7.8532863 16.202575 -4.673284 13.690089 -0.93914782
-8.2725455 16.137602 -4.673284 13.690089 -0.93914782
-9.241012 16.846173 -4.673284 13.690089 -0.93914782
-9.725245 17.200458 -4.673284 13.690089 -0.93914782
-9.5481022 17.442575 -4.673284 13.690089 -0.93914782
