-1.1576429 2.0784322 -0.44725326 1.7949775 -0.99374564
-1.4090655 2.2420985 -0.44725326 1.7949775 -0.99374564
-1.2453991 2.4935211 -0.44725326 1.7949775 -0.99374564
-1.4968217 2.6571875 -0.44725326 1.7949775 -0.99374564
-1.9119107 2.5694313 -0.44725326 1.7949775 -0.99374564
-1.7482443 2.8208539 -0.44725326 1.7949775 -0.99374564
-3.5082025 3.9665185 -0.44725326 1.7949775 -0.99374564
-4.4261367 4.206095 -0.44725326 1.7949775 -0.99374564
-5.6832496 5.0244269 -0.44725326 1.7949775 -0.99374564
-5.934672 5.1880931 -0.44725326 1.7949775 -0.99374564
-5.7710056 5.4395157 -0.44725326 1.7949775 -0.99374564
-6.0224284 5.6031821 -0.44725326 1.7949775 -0.99374564
-6.2738511 5.7668486 -0.44725326 1.7949775 -0.99374564
