-1.2126486 5.1350016 -0.46001071 4.3876488 -0.64702454
-1.3934931 5.3743659 -0.46001071 4.3876488 -0.64702454
-2.0583513 6.7520318 -0.46001071 4.3876488 -0.64702454
-2.4785602 6.8105517 -0.46001071 4.3876488 -0.64702454
-2.2391959 6.9913963 -0.46001071 4.3876488 -0.64702454
-3.7444717 8.4861017 -0.46001071 4.3876488 -0.64702454
-4.4678496 9.4435588 -0.46001071 4.3876488 -0.64702454
-4.2284853 9.6244033 -0.46001071 4.3876488 -0.64702454
-4.6486942 9.6829232 -0.46001071 4.3876488 -0.64702454
-4.4093299 9.8637677 -0.46001071 4.3876488 -0.64702454
-4.8295388 9.9222877 -0.46001071 4.3876488 -0.64702454
